160
2 369 317
2 368 235
2 365 263
2 364 283
2 363 242
2 361 268
2 359 276
2 355 278
2 354 328
2 351 109
2 349 70
2 347 95
2 346 336
2 344 101
2 343 112
2 342 114
2 341 148
2 340 144
2 339 151
2 338 174
2 335 160
2 333 318
2 332 164
2 331 185
2 325 186
2 323 195
2 321 204
2 307 200
2 304 207
2 286 217
2 285 233
2 284 247
2 282 226
2 280 245
2 269 254
2 267 251
2 252 28
2 197 35
2 196 93
2 190 97
3 437 113 56
3 436 213 117
3 435 156 348
3 434 203 32
3 433 34 41
3 432 266 107
3 431 60 159
3 429 170 303
3 428 11 106
3 427 187 136
3 426 158 25
3 425 337 274
3 424 234 305
3 423 308 309
3 422 208 172
3 420 312 313
3 419 139 69
3 418 319 45
3 417 182 100
3 416 38 324
3 415 48 50
3 413 410 316
3 412 108 259
3 411 329 55
3 409 218 40
3 408 166 59
3 407 19 129
3 406 310 394
3 405 298 327
3 404 264 91
3 403 219 119
3 402 371 123
3 401 147 26
3 400 231 79
3 399 273 78
3 398 181 356
3 397 236 192
3 396 277 237
3 395 193 76
3 393 249 18
3 392 199 104
3 391 367 3
3 390 320 294
3 389 271 31
3 388 387 289
3 386 288 99
3 385 89 115
3 384 6 124
3 383 292 105
3 382 8 10
3 381 65 121
3 380 24 177
3 379 90 92
3 378 149 353
3 377 163 230
3 375 345 152
3 374 311 116
3 373 180 188
3 372 13 132
3 370 201 302
4 499 15 198 2
4 498 376 4 9
4 497 350 36 30
4 496 256 62 37
4 495 175 39 42
4 494 7 57 43
4 493 315 51 49
4 492 162 53 58
4 491 326 63 67
4 490 352 87 68
4 489 33 74 75
4 488 1 82 77
4 487 299 133 83
4 486 111 84 85
4 485 279 126 88
4 484 23 169 94
4 483 165 96 98
4 482 143 102 103
4 481 322 118 110
4 480 300 122 125
4 479 14 145 127
4 478 306 179 130
4 477 330 216 131
4 476 12 134 135
4 475 5 161 137
4 474 52 16 140
4 473 452 222 142
4 472 301 206 146
4 471 21 223 150
4 470 17 29 157
4 469 47 167 168
4 468 454 171 173
4 467 120 238 176
4 466 86 81 178
4 465 212 183 184
4 464 334 215 220
4 463 258 239 191
4 462 225 243 194
4 461 141 244 202
4 460 73 128 205
4 459 0 138 209
4 458 189 66 211
4 457 421 228 224
4 456 154 246 291
4 455 430 54 227
4 453 64 22 229
4 451 360 253 232
4 450 358 241 248
4 449 261 27 250
4 448 71 80 255
4 447 210 44 257
4 446 414 287 260
4 445 240 265 366
4 444 155 153 262
4 443 214 270 272
4 442 61 362 275
4 441 281 290 293
4 440 72 46 314
4 439 20 296 357
4 438 221 295 297