1628
2 8605 7463
2 8604 8466
2 8602 1712
2 8600 172
2 8599 529
2 8598 8527
2 8597 1122
2 8596 7215
2 8595 4668
2 8594 6938
2 8592 4946
2 8590 7255
2 8589 2368
2 8588 6715
2 8587 1234
2 8586 3516
2 8583 3746
2 8582 525
2 8581 3969
2 8580 4663
2 8578 1827
2 8577 5271
2 8576 2007
2 8575 1197
2 8574 2165
2 8569 2766
2 8566 5579
2 8565 6266
2 8562 2407
2 8561 3104
2 8560 7624
2 8559 5017
2 8558 6526
2 8557 7218
2 8556 6396
2 8555 1589
2 8554 480
2 8552 926
2 8551 5948
2 8550 1963
2 8549 7558
2 8547 8161
2 8546 2804
2 8545 4126
2 8544 5899
2 8542 7152
2 8541 6052
2 8540 2309
2 8539 3691
2 8538 2879
2 8536 2590
2 8535 7151
2 8534 642
2 8533 7346
2 8532 2848
2 8531 6149
2 8530 8305
2 8528 3029
2 8526 3276
2 8525 6256
2 8523 3828
2 8522 289
2 8521 6215
2 8520 5879
2 8518 900
2 8515 1876
2 8514 4555
2 8513 206
2 8512 6036
2 8511 28
2 8510 5487
2 8508 6984
2 8507 4671
2 8505 2538
2 8504 6350
2 8503 4170
2 8500 1819
2 8499 2999
2 8498 3808
2 8497 1393
2 8496 6703
2 8495 3239
2 8494 6685
2 8493 3891
2 8492 2226
2 8490 1632
2 8489 2697
2 8488 4522
2 8484 834
2 8483 4573
2 8482 4496
2 8481 4792
2 8480 5061
2 8476 5559
2 8475 1260
2 8474 8468
2 8472 1642
2 8471 1877
2 8469 1994
2 8467 8434
2 8463 7475
2 8461 4814
2 8460 307
2 8459 3895
2 8458 7105
2 8457 4933
2 8456 589
2 8455 7413
2 8454 236
2 8451 2190
2 8450 290
2 8448 8342
2 8447 4692
2 8446 2091
2 8445 4997
2 8444 6228
2 8443 1704
2 8439 4661
2 8436 253
2 8435 2765
2 8433 4857
2 8429 4442
2 8428 4865
2 8427 5371
2 8426 4592
2 8425 4064
2 8424 540
2 8423 3912
2 8422 2020
2 8421 5710
2 8420 6155
2 8419 4636
2 8417 6849
2 8416 7993
2 8415 4703
2 8414 4875
2 8413 7406
2 8411 3802
2 8408 4381
2 8406 5235
2 8405 5044
2 8404 362
2 8403 5794
2 8402 2254
2 8401 7003
2 8400 5035
2 8399 4506
2 8398 3553
2 8396 6827
2 8395 2400
2 8394 7841
2 8391 898
2 8390 7594
2 8389 1023
2 8386 5020
2 8385 4771
2 8382 3422
2 8381 4089
2 8380 8241
2 8378 5916
2 8377 6794
2 8374 2457
2 8373 358
2 8371 1467
2 8370 6366
2 8369 1406
2 8368 6976
2 8366 4559
2 8365 4773
2 8364 6673
2 8362 5530
2 8361 1471
2 8360 1723
2 8359 6289
2 8358 4412
2 8357 5205
2 8356 6436
2 8354 7356
2 8352 7374
2 8351 404
2 8350 960
2 8349 2375
2 8347 6076
2 8345 6988
2 8344 7914
2 8343 6800
2 8341 2783
2 8340 1609
2 8339 33
2 8337 1422
2 8336 6361
2 8335 489
2 8334 8019
2 8331 2907
2 8330 1584
2 8329 2462
2 8327 3718
2 8324 4375
2 8323 5086
2 8321 6490
2 8319 5489
2 8318 6514
2 8317 3145
2 8315 6528
2 8313 7534
2 8312 1021
2 8311 2398
2 8309 3244
2 8308 737
2 8307 3582
2 8306 7249
2 8304 6340
2 8303 7310
2 8302 2401
2 8301 7230
2 8300 7530
2 8298 8043
2 8296 1529
2 8295 396
2 8294 3882
2 8292 1922
2 8291 2129
2 8290 3559
2 8289 5776
2 8288 6016
2 8285 1512
2 8283 3299
2 8281 4026
2 8280 5467
2 8279 5901
2 8275 6585
2 8274 6870
2 8272 1886
2 8271 198
2 8270 1952
2 8269 39
2 8266 3371
2 8265 3966
2 8264 3339
2 8263 4823
2 8262 5920
2 8261 5085
2 8260 4202
2 8257 512
2 8255 6466
2 8254 7454
2 8252 1507
2 8251 6834
2 8249 7116
2 8248 3075
2 8246 7770
2 8245 5724
2 8244 6649
2 8243 5531
2 8237 7596
2 8236 3129
2 8235 678
2 8234 3136
2 8232 4704
2 8231 1347
2 8230 3564
2 8229 6243
2 8228 6724
2 8227 1761
2 8226 4124
2 8225 7689
2 8224 2707
2 8223 45
2 8221 300
2 8220 4016
2 8219 2924
2 8218 3011
2 8217 7220
2 8216 7221
2 8215 0
2 8214 6705
2 8213 3322
2 8211 2167
2 8209 4514
2 8208 7876
2 8207 313
2 8206 6446
2 8205 3991
2 8203 7964
2 8202 5566
2 8196 6659
2 8195 6160
2 8194 849
2 8192 5451
2 8191 6811
2 8190 471
2 8188 611
2 8185 2278
2 8184 5164
2 8182 6203
2 8181 6248
2 8180 6553
2 8179 2672
2 8178 1047
2 8177 1174
2 8175 1908
2 8174 1044
2 8173 5277
2 8171 5166
2 8170 2495
2 8169 1157
2 8164 4659
2 8162 1199
2 8160 3031
2 8159 2983
2 8158 6596
2 8157 6522
2 8156 5860
2 8155 1569
2 8154 6726
2 8151 5947
2 8149 7975
2 8147 3681
2 8146 5040
2 8145 433
2 8144 5449
2 8143 3412
2 8142 5721
2 8141 708
2 8140 2875
2 8131 7425
2 8130 541
2 8128 1411
2 8127 3127
2 8126 2337
2 8125 4511
2 8124 7727
2 8122 6112
2 8121 2062
2 8120 3517
2 8118 1616
2 8117 4419
2 8113 5173
2 8112 5763
2 8111 7521
2 8109 825
2 8107 2702
2 8106 5813
2 8105 1840
2 8104 6246
2 8103 4286
2 8102 7500
2 8100 204
2 8099 2025
2 8098 4052
2 8097 968
2 8096 2296
2 8095 6351
2 8093 1321
2 8092 4206
2 8091 5496
2 8090 3105
2 8088 5730
2 8087 1535
2 8084 2954
2 8083 465
2 8082 1012
2 8080 3330
2 8078 3596
2 8077 4092
2 8076 5872
2 8075 8006
2 8074 6280
2 8073 3657
2 8072 6864
2 8071 7751
2 8070 8031
2 8069 234
2 8066 240
2 8065 4858
2 8064 1843
2 8062 919
2 8061 3004
2 8060 2033
2 8057 4801
2 8055 4943
2 8054 5368
2 8053 431
2 8052 6263
2 8051 7633
2 8050 456
2 8049 3311
2 8048 5082
2 8046 5751
2 8045 6576
2 8042 7614
2 8041 7729
2 8039 1330
2 8038 1750
2 8037 2661
2 8034 978
2 8033 97
2 8030 1939
2 8029 2762
2 8025 2193
2 8024 2786
2 8023 3939
2 8022 439
2 8020 7995
2 8018 2949
2 8017 6698
2 8016 6097
2 8015 673
2 8014 1744
2 8013 4534
2 8012 2977
2 8011 6161
2 8008 5986
2 8007 3956
2 8005 4796
2 8002 6761
2 8001 1796
2 8000 2772
2 7999 885
2 7998 7170
2 7997 2102
2 7996 2713
2 7994 183
2 7992 3212
2 7989 3590
2 7988 4798
2 7987 6824
2 7986 7407
2 7985 1961
2 7982 2514
2 7979 6565
2 7977 6844
2 7976 1318
2 7974 1649
2 7973 3370
2 7971 4595
2 7968 4104
2 7967 3280
2 7962 37
2 7960 4502
2 7959 6121
2 7958 3344
2 7957 86
2 7955 4777
2 7952 6809
2 7949 4387
2 7947 5752
2 7941 6450
2 7940 7881
2 7938 3822
2 7935 457
2 7933 1546
2 7932 5994
2 7930 2881
2 7929 7461
2 7928 487
2 7926 1755
2 7921 7554
2 7919 6302
2 7918 7586
2 7916 3364
2 7915 3543
2 7913 4358
2 7912 4248
2 7910 4400
2 7909 5168
2 7908 6959
2 7906 2210
2 7905 7357
2 7904 7362
2 7903 2149
2 7902 2608
2 7901 4434
2 7900 6311
2 7899 6915
2 7898 7724
2 7897 3951
2 7894 6471
2 7893 7410
2 7892 2028
2 7891 4596
2 7887 7094
2 7886 221
2 7885 3141
2 7883 1371
2 7882 2610
2 7879 2741
2 7878 1161
2 7874 2956
2 7873 3347
2 7872 4504
2 7871 3021
2 7869 6506
2 7868 7602
2 7867 4339
2 7866 1688
2 7865 6332
2 7860 1678
2 7858 2892
2 7857 3789
2 7856 502
2 7855 5066
2 7854 6127
2 7853 4877
3 9355 2982 9269
3 9353 7447 7318
3 9352 7196 8176
3 9351 4374 7768
3 9350 2185 2024
3 9349 8332 4046
3 9348 62 8671
3 9347 2293 4495
3 9345 859 9135
3 9344 3913 5840
3 9343 8375 9121
3 9341 177 417
3 9340 654 7229
3 9339 3196 7412
3 9337 6882 4942
3 9336 1418 1754
3 9335 2736 5325
3 9334 3519 6733
3 9331 1724 500
3 9330 8010 7419
3 9328 6359 7286
3 9327 4638 9215
3 9326 3593 6852
3 9325 3443 9002
3 9324 4076 5457
3 9322 4320 4662
3 9320 3677 909
3 9319 2652 9210
3 9318 5163 3203
3 9317 5777 8938
3 9316 2342 2198
3 9315 2060 34
3 9314 992 3498
3 9312 9106 514
3 9311 850 6208
3 9310 3337 4079
3 9309 7725 8637
3 9308 4619 2437
3 9306 8193 7118
3 9304 8767 5548
3 9303 4402 5547
3 9302 8697 186
3 9301 6913 802
3 9300 6178 4415
3 9299 1839 7423
3 9298 9119 4208
3 9297 2340 7361
3 9293 5172 5644
3 9292 3155 3485
3 9291 2544 2601
3 9290 8644 5362
3 9289 8363 9200
3 9288 3170 3914
3 9287 4912 1810
3 9286 3542 3744
3 9285 1621 6731
3 9284 3648 6960
3 9283 2575 3132
3 9282 6038 5149
3 9281 7851 2565
3 9280 2323 2381
3 9279 2642 1040
3 9278 6558 1159
3 9277 586 562
3 9276 706 3839
3 9275 5649 6648
3 9274 120 5024
3 9273 2085 689
3 9272 2828 32
3 9271 8722 7721
3 9270 7451 4887
3 9268 3775 4859
3 9266 3672 3226
3 9265 3037 8089
3 9264 5156 7509
3 9262 5729 3978
3 9261 8186 608
3 9259 8601 7526
3 9258 3781 6010
3 9257 6571 5250
3 9255 8138 8153
3 9254 3757 6451
3 9253 8478 534
3 9252 7153 2422
3 9250 7972 7785
3 9249 2628 5970
3 9248 7643 3944
3 9246 1800 5856
3 9245 328 4904
3 9244 774 2806
3 9243 3379 800
3 9242 5931 1464
3 9241 5793 622
3 9240 7079 6557
3 9239 2862 7777
3 9238 3632 2527
3 9237 7148 4907
3 9236 7464 8650
3 9233 3889 6291
3 9231 6567 3223
3 9228 7545 3134
3 9226 7814 5461
3 9224 403 915
3 9222 5324 1668
3 9221 1976 5482
3 9220 687 8828
3 9219 2870 590
3 9217 3475 7512
3 9216 676 8617
3 9212 4058 355
3 9211 6134 6188
3 9209 3112 1062
3 9208 1383 4230
3 9207 4244 1152
3 9206 2795 7895
3 9204 3376 1774
3 9203 6537 8746
3 9202 4150 2308
3 9199 18 1598
3 9198 2985 7956
3 9197 4696 740
3 9195 8997 1010
3 9193 9151 7875
3 9191 7862 6220
3 9190 58 151
3 9189 6467 635
3 9188 6171 8898
3 9186 4390 68
3 9185 8865 3092
3 9184 2213 2887
3 9183 2123 8994
3 9182 6477 4656
3 9180 2036 9092
3 9178 5366 7778
3 9177 4044 3480
3 9176 8259 2428
3 9175 7166 3972
3 9174 7316 8889
3 9173 1160 8729
3 9172 3842 6680
3 9170 8233 6985
3 9169 8242 1429
3 9168 3107 1751
3 9167 3451 2536
3 9166 1178 6494
3 9165 3496 1220
3 9164 3708 1587
3 9163 3840 5898
3 9162 3583 6713
3 9161 7445 499
3 9160 3869 6377
3 9156 5609 2207
3 9155 4480 5563
3 9154 1100 3875
3 9153 5845 1874
3 9150 2305 6275
3 9149 8509 5161
3 9148 446 8930
3 9147 6147 7592
3 9146 1936 4949
3 9145 1049 8908
3 9144 8506 688
3 9143 6060 7387
3 9142 7673 117
3 9141 8616 6193
3 9140 5665 8440
3 9139 1136 171
3 9138 8849 3352
3 9136 778 2506
3 9133 8079 6757
3 9132 11 7733
3 9130 3526 5671
3 9127 2160 4043
3 9126 5540 5756
3 9125 245 6932
3 9124 8658 530
3 9123 2488 4994
3 9120 2243 4091
3 9118 8101 8684
3 9117 5359 7384
3 9116 2313 6602
3 9115 3126 2957
3 9113 4837 2592
3 9112 333 912
3 9110 1552 2000
3 9109 2023 1205
3 9108 6123 8519
3 9107 8036 2277
3 9105 6300 4918
3 9104 7944 8293
3 9103 8167 4367
3 9102 7385 7386
3 9100 7726 5633
3 9099 1509 2461
3 9098 2944 3375
3 9096 8168 5181
3 9095 3950 7522
3 9093 4551 1833
3 9091 6426 142
3 9090 373 5207
3 9089 2718 995
3 9088 5854 947
3 9087 2282 6389
3 9086 1357 6118
3 9085 6582 5758
3 9084 3745 1200
3 9082 6777 1154
3 9081 1767 2596
3 9080 7953 5627
3 9079 8286 4774
3 9078 3834 2785
3 9077 2920 6752
3 9076 5209 170
3 9074 8367 5513
3 9073 1845 7103
3 9071 4902 87
3 9070 3253 2566
3 9069 3106 1888
3 9068 1505 4716
3 9067 6580 7013
3 9066 6842 6231
3 9064 4498 1636
3 9062 4884 3926
3 9061 1231 1765
3 9060 6481 3906
3 9059 65 8967
3 9058 3618 297
3 9057 6989 8929
3 9056 3899 3595
3 9055 7466 2106
3 9054 1427 5355
3 9053 2817 7443
3 9052 2203 6583
3 9051 7756 4093
3 9050 4690 3811
3 9049 7026 8931
3 9046 593 513
3 9045 8701 5832
3 9043 8003 5345
3 9042 7212 6574
3 9041 8026 1129
3 9040 7700 8501
3 9039 8346 8652
3 9037 1096 7752
3 9035 251 5869
3 9034 2994 3945
3 9033 5622 5503
3 9032 4965 6313
3 9030 3083 1837
3 9029 4951 3773
3 9028 1344 3985
3 9027 463 8833
3 9026 8563 1508
3 9025 780 924
3 9024 2619 8376
3 9023 4516 5836
3 9022 6329 1847
3 9021 4151 613
3 9020 1996 70
3 9018 2572 4600
3 9017 3229 4478
3 9016 1743 210
3 9015 4137 8663
3 9014 3137 131
3 9012 2941 4474
3 9010 7050 4055
3 9008 1085 7692
3 9006 6638 1595
3 9005 8047 3153
3 9003 2112 5198
3 9001 8253 1726
3 9000 1372 5908
3 8999 8721 6415
3 8998 2364 3641
3 8995 1336 2320
3 8993 745 6198
3 8992 3356 4200
3 8990 7978 8210
3 8989 522 5074
3 8988 717 7078
3 8987 6363 6206
3 8985 5891 3323
3 8984 67 3573
3 8983 7209 923
3 8982 2009 656
3 8980 103 8239
3 8979 8839 6616
3 8978 332 1381
3 8976 4351 2874
3 8975 6 7489
3 8974 2802 7344
3 8973 8477 8714
3 8972 5909 1542
3 8971 2647 7149
3 8970 8199 5443
3 8969 2351 8258
3 8968 4259 7238
3 8966 8811 5902
3 8964 7671 7233
3 8963 2905 8032
3 8962 7119 5666
3 8961 1340 451
3 8960 8751 6964
3 8959 6994 3050
3 8958 257 1930
3 8957 1787 301
3 8956 5518 8277
3 8955 5492 5865
3 8954 8779 23
3 8953 645 5378
3 8951 2095 7731
3 8950 1001 8353
3 8949 3089 7432
3 8948 7629 1820
3 8947 7699 4337
3 8946 1202 4307
3 8945 7330 264
3 8944 1701 735
3 8943 214 3561
3 8942 4357 1648
3 8939 7981 7536
3 8937 2162 178
3 8936 7911 8442
3 8935 60 1718
3 8933 3062 6741
3 8932 6410 5401
3 8928 3308 5278
3 8927 4867 3769
3 8926 5239 1866
3 8925 4134 916
3 8924 5593 8027
3 8923 4527 16
3 8922 188 1073
3 8921 8163 2649
3 8920 6666 5028
3 8919 1975 6270
3 8918 1717 7954
3 8917 8200 8198
3 8916 750 5823
3 8915 836 3563
3 8914 5330 17
3 8913 5236 8866
3 8912 6914 5835
3 8910 8529 7095
3 8909 1740 4532
3 8906 4222 3654
3 8905 5244 6384
3 8904 6956 1747
3 8903 2486 835
3 8902 7934 1487
3 8901 5991 846
3 8900 5808 6953
3 8899 5332 2854
3 8896 5733 4611
3 8895 8651 6232
3 8893 7057 4011
3 8892 6297 4990
3 8891 7391 4467
3 8890 6342 628
3 8888 1564 3997
3 8887 1351 6419
3 8886 3730 7677
3 8885 2776 5574
3 8884 4727 5476
3 8883 4977 7818
3 8882 296 7662
3 8881 8040 3258
3 8880 791 5094
3 8878 3750 6370
3 8877 1364 4717
3 8876 7647 2484
3 8875 1249 7877
3 8874 1476 2241
3 8872 2509 6942
3 8871 4331 7748
3 8870 1061 8133
3 8869 7439 5683
3 8868 7415 2260
3 8867 1965 2367
3 8862 8431 3694
3 8858 2245 208
3 8857 773 5824
3 8856 3120 4627
3 8855 4572 7603
3 8853 4161 5375
3 8852 5529 6856
3 8850 5728 1708
3 8848 3579 2872
3 8847 3473 8035
3 8846 7210 6444
3 8845 4179 1311
3 8844 8579 7659
3 8843 767 6483
3 8841 5488 3306
3 8840 1714 2836
3 8838 2265 1116
3 8836 6042 6628
3 8832 3087 2467
3 8831 55 4604
3 8830 2043 7518
3 8829 2573 844
3 8827 1673 4410
3 8826 3655 8453
3 8825 902 7880
3 8820 6627 3558
3 8819 6273 6498
3 8818 3830 2221
3 8817 2952 3877
3 8816 631 6111
3 8815 8702 5013
3 8813 5720 3567
3 8812 6144 556
3 8810 6226 2134
3 8809 8470 7696
3 8807 8548 4720
3 8805 385 3870
3 8804 5308 1167
3 8802 8607 124
3 8800 3845 5517
3 8799 797 3367
3 8798 197 1684
3 8797 407 147
3 8796 6336 4188
3 8795 1889 760
3 8794 5155 4054
3 8792 4870 970
3 8790 6742 7983
3 8789 6309 7382
3 8788 7524 4725
3 8787 8625 6443
3 8786 5553 7970
3 8783 2055 2811
3 8782 2089 6662
3 8781 3167 6578
3 8780 7567 7302
3 8778 3905 4958
3 8774 4960 6531
3 8773 3791 1822
3 8772 5864 5998
3 8769 6192 4469
3 8768 3673 5981
3 8766 3557 3724
3 8765 7155 5056
3 8764 7436 8172
3 8763 6028 2555
3 8762 730 6747
3 8760 278 3749
3 8759 8183 149
3 8758 1228 2329
3 8757 4649 1536
3 8755 5610 6058
3 8753 2612 4640
3 8750 85 6766
3 8749 1998 5389
3 8748 3001 597
3 8747 4524 7839
3 8744 2353 2295
3 8743 3271 2627
3 8742 875 7296
3 8741 4861 520
3 8740 5170 2604
3 8739 3857 8537
3 8738 283 6784
3 8735 1483 3028
3 8730 3 3617
3 8727 6981 7683
3 8726 6320 6365
3 8725 432 4650
3 8724 1912 1261
3 8723 2912 7041
3 8720 1140 7740
3 8719 263 4975
3 8718 8297 7870
3 8717 3278 1256
3 8715 3518 8543
3 8713 1853 8044
3 8712 7678 2669
3 8711 3248 4452
3 8710 884 7888
3 8709 8683 139
3 8708 5203 7130
3 8706 4706 6577
3 8705 1720 464
3 8704 6012 56
3 8703 2927 6965
3 8700 6146 8123
3 8699 4607 3973
3 8698 7319 7542
3 8695 8670 8247
3 8693 3022 8692
3 8691 3728 5815
3 8690 5803 4521
3 8688 1224 8134
3 8687 634 711
3 8685 2585 5058
3 8681 7618 1562
3 8680 5849 5255
3 8678 1821 6656
3 8676 1037 2716
3 8674 7617 4731
3 8673 3853 1891
3 8672 3508 8150
3 8669 4617 1735
3 8668 1253 6857
3 8667 3055 1009
3 8666 2877 2125
3 8664 1117 4491
3 8662 1526 2516
3 8661 1681 6540
3 8660 7861 6721
3 8657 2939 3924
3 8656 4565 6676
3 8655 1923 3511
3 8654 2937 2389
3 8653 7178 5245
3 8649 3362 5118
3 8648 5446 136
3 8647 5785 1430
3 8646 7759 5941
3 8645 4786 1884
3 8642 4871 6818
3 8638 1571 1382
3 8635 4439 164
3 8634 137 5875
3 8631 3892 146
3 8630 1484 1601
3 8629 6367 3651
3 8628 559 2600
3 8627 4361 4465
3 8624 4292 1533
3 8623 8524 7375
3 8622 8328 3608
3 8621 2798 1570
3 8620 5341 7219
3 8619 7823 931
3 8615 174 8432
3 8613 5441 8299
3 8611 5839 7204
3 8610 1361 8325
4 9999 4100 1932 2656
4 9998 5357 5782 8278
4 9997 5121 3803 566
4 9996 7135 6197 1284
4 9995 5982 1036 3312
4 9994 5913 4691 9171
4 9993 752 2074 867
4 9992 8148 2900 7844
4 9991 5231 4232 546
4 9990 9487 8879 8441
4 9989 2589 7365 6998
4 9988 3002 1409 5379
4 9987 71 6022 7859
4 9986 8238 3318 6517
4 9985 3987 2110 6743
4 9984 1946 6180 4355
4 9983 6255 6607 5819
4 9982 4386 274 6429
4 9981 7796 7177 3866
4 9980 6404 7890 7732
4 9979 421 1703 9097
4 9978 714 4856 5885
4 9977 9765 9759 9323
4 9976 2814 6380 9882
4 9975 6584 8388 5060
4 9974 4557 2629 4882
4 9973 9612 335 8135
4 9972 4848 9793 2357
4 9971 5526 9036 4973
4 9970 8452 9361 7669
4 9969 2584 3787 4224
4 9968 7253 9214 1971
4 9967 9906 2722 1326
4 9966 6534 7653 935
4 9965 8907 784 383
4 9964 1248 6952 5045
4 9963 1756 2520 8009
4 9962 1948 4894 5612
4 9961 5652 6414 729
4 9960 7569 9807 3993
4 9959 1593 3402 9636
4 9958 8911 108 2427
4 9957 6613 6803 8085
4 9956 8785 3210 6921
4 9955 1729 618 9421
4 9954 7368 4149 4693
4 9953 5583 8633 1149
4 9952 5544 2799 5804
4 9951 2861 5134 1987
4 9950 1737 8412 3662
4 9949 3629 4891 7626
4 9948 4695 40 7795
4 9947 2094 1404 4664
4 9946 8430 4669 1226
4 9945 7710 2382 1333
4 9944 727 6744 2373
4 9943 8733 270 9296
4 9942 8132 6630 4508
4 9941 4147 4694 9152
4 9940 7529 5187 1878
4 9939 5796 2898 5811
4 9938 8197 7329 1954
4 9937 998 5260 9321
4 9936 6312 3038 8136
4 9935 5383 7951 6958
4 9934 6735 1732 9101
4 9933 2489 8821 9698
4 9932 6762 4000 7172
4 9931 2222 7036 5979
4 9930 877 8383 7022
4 9929 59 5182 6901
4 9928 2395 6242 7086
4 9927 9256 7991 8981
4 9926 7704 9230 6420
4 9925 7923 2173 3327
4 9924 8754 796 9229
4 9923 6655 6411 4821
4 9922 4582 1015 6254
4 9921 3544 8643 8808
4 9920 5310 3123 7546
4 9919 5515 462 5747
4 9918 6632 3838 4019
4 9917 7278 955 3878
4 9916 7444 1892 5917
4 9915 8407 2903 1501
4 9914 2752 1056 203
4 9913 820 3131 1664
4 9912 604 150 2563
4 9911 7262 3425 575
4 9910 1396 7695 4675
4 9909 398 9313 7427
4 9908 1568 7397 1984
4 9907 2535 1980 9205
4 9905 9483 2059 22
4 9904 8189 3941 8776
4 9903 8873 3509 1654
4 9902 7549 8502 8761
4 9901 9131 13 7251
4 9900 4187 6352 4632
4 9899 5905 2035 1133
4 9898 6459 2878 6456
4 9897 9004 5951 4653
4 9896 3499 4775 1063
4 9895 8267 8314 2472
4 9894 9048 8771 7965
4 9893 7064 9555 8491
4 9892 5001 7743 5699
4 9891 5919 5896 5586
4 9890 4449 9617 5108
4 9889 8437 7805 7667
4 9888 6102 1983 3716
4 9887 8641 2951 304
4 9886 3626 9225 7835
4 9885 3015 4254 8110
4 9884 4233 6711 8791
4 9883 8603 6452 6432
4 9881 5886 8694 9415
4 9880 9552 9678 6654
4 9879 2726 4855 7925
4 9878 9354 2417 9844
4 9877 8591 8316 7675
4 9876 4644 6851 2715
4 9875 9529 5950 9158
4 9874 1524 3704 7580
4 9873 145 3324 249
4 9872 4318 3824 7864
4 9871 8348 9332 7068
4 9870 3135 1849 5329
4 9869 666 6053 4952
4 9868 1763 6463 789
4 9867 3904 6090 3017
4 9866 8677 7581 6862
4 9865 5427 6264 8934
4 9864 6935 5192 1177
4 9863 7208 7555 402
4 9862 5211 6189 3784
4 9861 1114 842 3469
4 9860 4004 5599 1700
4 9859 1071 801 6301
4 9858 1423 550 7408
4 9857 5416 2987 5718
4 9856 7824 1120 5611
4 9855 8322 2144 3292
4 9854 4863 9711 8793
4 9853 3437 4173 8860
4 9852 5600 9009 906
4 9851 453 8222 2451
4 9850 6839 343 2689
4 9849 2571 6479 288
4 9848 6927 2191 4249
4 9847 8479 1618 8756
4 9846 461 9475 3382
4 9845 9213 7694 8165
4 9843 8707 5850 6210
4 9842 7108 9496 6156
4 9841 6823 4554 6917
4 9840 5744 3012 3854
4 9839 4574 365 3610
4 9838 7259 6699 2199
4 9837 3420 1208 7502
4 9836 7945 5769 9007
4 9835 9247 9394 5413
4 9834 2545 3235 8965
4 9833 6668 1793 5304
4 9832 4041 8129 8732
4 9831 1287 359 8410
4 9830 3272 7186 7799
4 9829 973 7117 3827
4 9828 3047 2694 2873
4 9827 9620 1898 3313
4 9826 3697 1376 6841
4 9825 847 5191 3949
4 9824 6476 4613 669
4 9823 2968 2570 7672
4 9822 4106 9181 917
4 9821 8384 1270 7393
4 9820 3566 1959 2057
4 9819 5363 1586 7340
4 9818 4711 1180 1496
4 9817 9383 5200 349
4 9816 1492 7237 4804
4 9815 9618 5240 8863
4 9814 370 6430 4163
4 9813 8326 1227 415
4 9812 1561 7813 6612
4 9811 4631 6595 845
4 9810 5083 5026 2503
4 9809 2061 1475 6920
4 9808 2155 840 3821
4 9806 5151 4926 1804
4 9805 2687 5146 9338
4 9804 5570 9038 6846
4 9803 8284 401 7043
4 9802 6547 889 4392
4 9801 7792 2531 1646
4 9800 8287 4623 3927
4 9799 8094 2148 5005
4 9798 2843 9013 2086
4 9797 8659 8567 6227
4 9796 7168 2490 545
4 9795 321 6492 5504
4 9794 44 101 9553
4 9792 3295 4116 2996
4 9791 8004 9519 3332
4 9790 3505 1084 2237
4 9789 2932 3743 4678
4 9788 8854 293 8784
4 9787 2096 4407 3265
4 9786 7100 4078 9570
4 9785 948 7096 1553
4 9784 2809 5944 9011
4 9783 2117 2264 1074
4 9782 8775 4352 2502
4 9781 3273 602 8770
4 9780 4036 4340 6307
4 9779 4883 3052 1799
4 9778 5007 8822 7791
4 9777 1385 6104 6035
4 9776 8115 3445 3620
4 9775 1081 620 9380
4 9774 3715 1993 5356
4 9773 1556 2019 5779
4 9772 2345 7966 1209
4 9771 5592 7980 7942
4 9770 2246 8393 1105
4 9769 3214 726 7315
4 9768 9525 4736 6356
4 9767 1203 1276 7333
4 9766 6640 9047 3213
4 9764 7936 9684 719
4 9763 8689 8355 5429
4 9762 5616 1058 6831
4 9761 2300 3316 2852
4 9760 6639 3809 5148
4 9758 5918 2399 292
4 9757 5090 3887 3381
4 9756 674 5731 8806
4 9755 4293 8952 1469
4 9754 9267 6051 2754
4 9753 2331 4031 2333
4 9752 3302 7963 8473
4 9751 6738 6774 2184
4 9750 3825 8977 4628
4 9749 2196 9431 209
4 9748 7267 4567 1170
4 9747 6306 819 5254
4 9746 7703 3442 8068
4 9745 6782 8752 6128
4 9744 7104 2746 413
4 9743 2935 3818 1781
4 9742 2475 8212 568
4 9741 6050 3880 217
4 9740 5251 7457 8734
4 9739 2598 6778 4001
4 9738 1677 7600 2390
4 9737 7515 4399 3225
4 9736 3149 7663 7828
4 9735 6756 858 1119
4 9734 4657 3188 3097
4 9733 9128 3428 8028
4 9732 5131 2046 984
4 9731 8119 4215 9157
4 9730 4925 9251 9362
4 9729 1388 393 1928
4 9728 6196 2120 7758
4 9727 7525 9223 782
4 9726 1214 7085 5132
4 9725 864 1137 1716
4 9724 110 9137 4646
4 9723 5989 7924 6904
4 9722 3736 4750 6405
4 9721 9019 2435 9457
4 9720 8392 5208 8716
4 9719 2259 6944 9179
4 9718 5962 5676 8114
4 9717 7950 7471 7069
4 9716 8320 1130 7404
4 9715 8777 2232 6727
4 9714 8187 4790 3058
4 9713 6769 1043 2564
4 9712 8636 7557 5511
4 9710 9614 9065 2470
4 9709 4808 2595 5343
4 9708 3942 4935 2466
4 9707 683 4221 4605
4 9706 8814 5606 7850
4 9705 4473 2837 828
4 9704 4194 8449 4544
4 9703 5772 6261 1237
4 9702 5052 9471 6614
4 9701 839 3449 3178
4 9700 8585 1768 9603
4 9699 9063 756 741
4 9697 936 3368 7807
4 9696 7939 4708 8268
4 9695 4490 1452 6843
4 9694 876 1694 1683
4 9693 8837 5897 4950
4 9692 1353 7559 8731
4 9691 9649 5178 5594
4 9690 3531 3570 5952
4 9689 7494 6421 6937
4 9688 132 8823 9604
4 9687 7369 1653 8021
4 9686 7101 2683 2356
4 9685 3484 24 8273
4 9683 2459 2006 8842
4 9682 4670 6569 9232
4 9681 962 4969 781
4 9680 1164 4197 478
4 9679 4685 2410 7588
4 9677 2819 9122 5508
4 9676 7577 8438 1271
4 9675 1711 2953 5442
4 9674 7819 2164 7640
4 9673 3024 7424 4546
4 9672 8240 3261 9342
4 9671 7863 739 207
4 9670 684 6681 6323
4 9669 371 6326 4714
4 9668 2728 1118 7140
4 9667 8250 644 8570
4 9666 2723 4328 8572
4 9665 3457 9468 9329
4 9664 8991 7744 2288
4 9663 1101 3233 5523
4 9662 2212 6637 4537
4 9661 281 4783 9044
4 9660 443 3174 4156
4 9659 1742 1825 4598
4 9658 5602 458 2990
4 9657 3176 5615 3281
4 9656 4995 4447 3401
4 9655 9305 7010 483
4 9654 7290 8517 5097
4 9653 3656 7943 9651
4 9652 63 1519 3541
4 9650 7715 1212 3438
4 9648 2499 2685 5702
4 9647 1004 2127 5533
4 9646 6240 325 3947
4 9645 4090 7631 5122
4 9644 5101 9227 1978
4 9643 2064 3060 1806
4 9642 7834 7990 2227
4 9641 1491 4766 9491
4 9640 1013 9633 9114
4 9639 3678 7426 691
4 9638 5048 5522 1951
4 9637 9196 1869 2068
4 9635 6252 219 4518
4 9634 6495 4787 2463
4 9632 2548 6223 8573
4 9631 201 372 3085
4 9630 4916 5536 3849
4 9629 8834 6620 280
4 9628 5651 2304 6513
4 9627 5791 9201 6258
4 9626 6611 7674 6213
4 9625 1233 3527 2012
4 9624 7201 6175 6064
4 9623 3765 5628 9346
4 9622 7198 1856 2579
4 9621 3795 7821 3817
4 9619 6170 5380 1172
4 9616 4961 8137 2011
4 9615 7937 6873 6805
4 9613 887 1339 3984
4 9611 1433 579 2929
4 9610 9295 8894 3777
4 9609 8338 4879 8310
4 9608 5773 4742 409
4 9607 4405 9429 2087
4 9606 1210 2632 4297
4 9605 1378 2220 3536
4 9602 9528 3760 5327
4 9601 8152 648 643
4 9600 5686 6739 5316
4 9599 2267 9234 3334
4 9598 5945 4456 1377
4 9597 1522 4136 7553
4 9596 5042 6719 1426
4 9595 2481 3584 4403
4 9594 8614 6972 2775
4 9593 1115 467 1532
4 9592 3647 6478 9423
4 9591 2124 6184 6245
4 9590 2141 7812 6244
4 9589 4579 6645 9031
4 9588 5081 8584 347
4 9587 384 9580 4599
4 9586 5046 2335 610
4 9585 8487 8996 1277
4 9584 6550 1181 200
4 9583 7583 2469 6993
4 9582 4917 7809 9194
4 9581 6677 5174 20
4 9579 1734 7734 9134
4 9578 9263 3121 7018
4 9577 854 3903 225
4 9576 4989 6448 7931
4 9575 3228 1259 6371
4 9574 2070 4057 1904
4 9573 7922 5551 6075
4 9572 7250 2442 3023
4 9571 4702 4217 1992
4 9569 1861 7320 9557
4 9568 8139 4558 5189
4 9567 2008 9543 2621
4 9566 4561 6664 7092
4 9565 4430 1090 4679
4 9564 7825 9446 5514
4 9563 4957 5939 1080
4 9562 7927 5047 7275
4 9561 4874 4344 2311
4 9560 8058 9365 4972
4 9559 4038 7800 6034
4 9558 1707 3297 639
4 9556 7313 1400 4890
4 9554 2558 9192 1479
4 9551 2922 1656 2022
4 9550 2749 1574 6961
4 9549 213 8486 227
4 9548 7757 7496 1221
4 9547 2115 554 5098
4 9546 8397 7121 5848
4 9545 9426 392 6647
4 9544 7896 7480 2002
4 9542 7610 9294 7948
4 9541 2080 4359 5714
4 9540 7648 6890 5972
4 9539 3540 958 5262
4 9538 1450 651 7608
4 9537 336 2072 7206
4 9536 8063 3983 7510
4 9535 818 1814 3893
4 9534 6702 2891 4948
4 9533 3463 8801 6629
4 9532 6605 7247 6480
4 9531 5214 5556 3753
4 9530 2045 1266 6253
4 9527 7917 6015 4910
4 9526 5295 1943 361
4 9524 5653 1165 1127
4 9523 1817 1201 7946
4 9522 7540 5197 5643
4 9521 5713 6357 5844
4 9520 7409 6623 8086
4 9518 1341 2578 192
4 9517 4788 1445 2201
4 9516 1146 5705 2101
4 9515 976 7884 8897
4 9514 9359 725 157
4 9513 8639 8859 3748
4 9512 7961 6364 5340
4 9511 565 4176 4621
4 9510 49 7175 2205
4 9509 7202 6003 4308
4 9508 1830 8276 4822
4 9507 5136 6590 4312
4 9506 4509 4363 7984
4 9505 4135 1538 7139
4 9504 4964 6202 6472
4 9503 6176 6835 57
4 9502 6381 804 5745
4 9501 4886 4228 2163
4 9500 3309 4992 8686
4 9499 766 956 4588
4 9498 7305 3161 258
4 9497 6107 8059 1679
4 9495 2274 6353 3917
4 9494 9307 9414 7541
4 9493 4983 1332 133
4 9492 3792 4335 3883
4 9490 1359 4880 3933
4 9489 4550 5212 6158
4 9488 4131 6017 8379
4 9486 3686 6078 4845
4 9485 3096 7889 5834
4 9484 82 1279 3547
4 9482 8612 414 8665
4 9481 7595 9187 652
4 9480 3607 2343 2047
4 9479 2964 5474 1192
4 9478 47 5059 9218
4 9477 3940 8516 8067
4 9476 2727 4635 4144
4 9474 1851 7499 1611
4 9473 9433 6746 7024
4 9472 2228 6152 378
4 9470 8608 6205 1403
4 9469 4322 8696 7636
4 9467 636 2705 3394
4 9466 3896 9459 7194
4 9465 3293 6651 8564
4 9464 8626 3431 8728
4 9463 7136 5418 1809
4 9462 8485 9072 2825
4 9461 4240 8682 2297
4 9460 6168 211 2143
4 9458 1322 4298 279
4 9456 8418 2216 1045
4 9455 7543 53 3209
4 9454 4406 8861 7907
4 9453 4139 9260 2577
4 9452 8745 8568 5422
4 9451 5625 1620 5754
4 9450 3072 4301 8593
4 9449 7516 5954 3580
4 9448 7 3894 6887
4 9447 9129 8609 143
4 9445 1988 6157 4088
4 9444 7145 96 703
4 9443 5462 8108 5167
4 9442 1671 8864 4489
4 9441 7551 9111 9367
4 9440 4940 7037 2946
4 9439 1812 8679 144
4 9438 4185 6903 2712
4 9437 8116 6110 4238
4 9436 7579 1440 4333
4 9435 4141 8204 8941
4 9434 2456 2159 8737
4 9432 1955 4477 1606
4 9430 594 8333 8201
4 9428 5219 3932 8640
4 9427 3114 4839 123
4 9425 1523 8571 5550
4 9424 8465 1282 7395
4 9422 7326 738 3539
4 9420 8851 4066 168
4 9419 1510 5276 8462
4 9418 8736 5106 7969
4 9417 4167 3020 8372
4 9416 4637 430 7686
4 9413 4959 9083 9159
4 9412 4235 7363 4932
4 9411 1094 8166 2281
4 9410 3042 3674 4479
4 9409 7359 7764 5613
4 9408 9 1179 2793
4 9407 3689 1292 508
4 9406 7088 5732 863
4 9405 7231 5657 6963
4 9404 1713 2081 5210
4 9403 5006 640 8282
4 9402 3142 4639 2294
4 9401 4655 8056 1453
4 9400 7083 6700 2234
4 9399 1934 3980 901
4 9398 4284 7150 184
4 9397 1883 2859 2560
4 9396 532 6137 8618
4 9395 2686 6316 8632
4 9393 5873 7920 1969
4 9392 4074 6133 6520
4 9391 5494 8824 872
4 9390 7008 4279 1638
4 9389 2962 8081 3930
4 9388 3844 3885 6008
4 9387 1050 4953 1652
4 9386 4475 4069 8256
4 9385 723 8606 1640
4 9384 8803 9094 1848
4 9382 6957 3199 3799
4 9381 8553 5584 6373
4 9379 9235 10 4095
4 9378 4847 2732 8409
4 9377 1895 5336 1329
4 9376 3257 3761 2050
4 9375 4112 8675 9333
4 9374 709 3935 1610
4 9373 6129 7613 153
4 9372 954 6296 2769
4 9371 7032 8940 1488
4 9370 2759 7074 8464
4 9369 8387 1106 2805
4 9368 5096 4267 4425
4 9366 2674 5128 8986
4 9364 4102 5157 83
4 9363 8835 7622 111
4 9360 1591 7090 9075
4 9358 3357 3692 2911
4 9357 5904 1369 6560
4 9356 7308 3793 3798
Score: 449292610
