160
2 495 498
2 492 499
2 484 497
2 482 494
2 475 486
2 473 490
2 467 472
2 463 489
2 459 462
2 454 474
2 448 496
2 447 493
2 444 491
2 443 480
2 441 479
2 439 483
2 438 455
2 434 481
2 433 460
2 431 451
2 430 432
2 427 445
2 423 477
2 422 449
2 421 485
2 420 471
2 419 453
2 414 446
2 410 476
2 409 437
2 403 442
2 400 407
2 396 429
2 392 397
2 387 388
2 376 452
2 375 424
2 371 450
2 369 470
2 367 384
3 358 425 488
3 356 364 390
3 352 456 468
3 351 362 405
3 350 399 465
3 348 377 391
3 337 363 464
3 336 385 435
3 334 365 457
3 333 415 417
3 330 458 466
3 329 373 411
3 328 372 461
3 326 487 408
3 322 426 469
3 320 332 359
3 319 379 428
3 315 378 382
3 311 401 412
3 310 394 418
3 306 440 478
3 302 360 383
3 301 395 413
3 300 436 381
3 299 398 404
3 298 393 416
3 292 347 389
3 288 345 402
3 286 355 380
3 285 324 361
3 279 368 374
3 277 353 370
3 276 283 357
3 271 278 354
3 268 282 346
3 266 341 344
3 263 267 340
3 261 338 339
3 258 273 349
3 256 343 386
3 254 264 331
3 252 316 327
3 249 307 325
3 240 284 318
3 231 242 335
3 230 236 294
3 226 234 321
3 219 245 289
3 217 221 295
3 213 304 323
3 212 313 317
3 210 214 342
3 201 208 259
3 199 203 314
3 197 309 312
3 196 303 308
3 193 225 247
3 190 287 290
3 189 269 305
3 188 198 235
4 182 195 296 406
4 181 207 280 281
4 175 200 244 274
4 172 180 192 251
4 170 177 293 275
4 165 366 260 262
4 163 187 257 272
4 162 174 204 237
4 155 166 253 255
4 154 246 248 291
4 147 164 250 270
4 144 159 160 186
4 141 211 233 297
4 138 158 243 265
4 128 156 227 241
4 123 151 153 239
4 120 139 229 209
4 113 129 206 238
4 111 124 215 220
4 108 152 185 232
4 105 132 218 224
4 97 191 194 205
4 93 171 178 184
4 92 117 121 216
4 91 99 119 179
4 89 109 116 169
4 81 86 145 150
4 76 90 149 176
4 73 106 202 228
4 72 115 167 183
4 65 79 112 148
4 64 66 173 223
4 61 71 114 222
4 60 69 136 157
4 59 78 100 101
4 55 56 95 104
4 52 80 107 146
4 47 161 137 142
4 41 48 50 140
4 35 131 134 135
4 33 127 125 130
4 28 84 96 98
4 27 38 102 122
4 25 34 54 88
4 21 82 168 74
4 20 24 45 126
4 18 31 40 110
4 17 44 75 67
4 15 36 70 83
4 14 103 133 58
4 13 19 46 143
4 12 118 49 53
4 11 68 85 87
4 10 23 29 77
4 7 57 63 94
4 6 22 32 37
4 5 26 43 62
4 3 8 16 39
4 1 42 51 30
4 0 2 4 9