148
4 196 220 209 428
4 190 222 206 205
4 441 223 224 239
4 252 227 435 228
4 286 436 229 232
4 420 194 426 191
4 97 440 238 202
4 93 126 125 281
4 333 122 287 118
4 35 406 290 291
4 28 293 464 416
4 423 296 465 404
4 197 402 103 102
4 369 303 305 98
4 12 313 466 96
4 300 327 110 456
4 482 471 457 262
4 33 82 415 265
4 47 316 150 413
4 165 75 458 146
4 326 62 145 143
4 306 69 127 270
4 315 144 140 272
4 299 56 137 135
4 454 468 134 133
4 279 36 275 131
4 322 309 77 130
4 330 295 408 142
3 301 472 393
3 462 328 314
3 319 180 308
3 261 445 85
3 264 263 304
3 298 199 470
3 234 192 174
3 329 139 195
3 350 360 338
3 310 429 204
3 0 459 138
3 38 324 344
3 48 214 289
3 475 5 4
3 108 159 198
3 463 258 321
3 113 437 259
3 371 10 496
3 451 278 483
3 448 71 80
3 210 439 489
3 434 203 32
3 249 236 186
3 60 433 41
3 20 356 432
3 19 193 76
3 15 419 374
3 367 181 115
3 34 163 79
3 61 149 362
3 311 177 81
3 208 431 45
3 288 473 274
3 187 276 50
3 277 405 359
3 273 268 424
3 271 294 449
3 320 283 46
3 430 455 54
3 409 336 124
3 396 8 388
3 387 302 95
3 385 438 27
3 499 498 395
3 121 467 172
3 403 442 453
3 99 3 29
3 399 235 44
3 201 55 25
3 427 394 348
3 375 497 116
3 188 444 153
3 242 345 460
3 422 65 78
3 447 31 59
2 391 13
2 351 23
2 384 90
2 24 474
2 364 91
2 18 16
2 397 207
2 22 200
2 92 132
2 66 114
2 129 70
2 119 128
2 450 164
2 106 461
2 152 109
2 151 107
2 148 363
2 347 237
2 361 244
2 233 285
2 247 284
2 325 251
2 282 280
2 254 245
2 378 307
2 217 373
2 269 379
2 332 267
2 372 401
2 226 377
2 339 365
2 411 425
2 341 312
2 88 74
2 83 30
2 357 382
2 487 488
2 381 491
2 368 493
2 370 9
2 2 366
2 58 335
2 53 340
2 51 49
2 476 477
2 342 386
2 43 346
2 42 39
2 478 37
2 349 479
2 480 481
2 343 241
2 184 183
2 243 178
2 179 246
2 176 248
2 173 250
2 297 169
2 168 167
2 253 255
2 418 257
2 161 417
2 260 171
2 157 216
2 215 211