1628
4 5357 6631 3628 2733
4 5121 3803 5527 2706
4 8148 2500 5049 5108
4 6404 7890 2858 9638
4 421 1703 533 5820
4 2589 7365 1513 6998
4 5913 8645 422 1237
4 5583 8633 1149 7042
4 6255 2022 6607 7183
4 9906 2722 1326 1725
4 8785 8757 4252 7822
4 3629 4891 2010 2431
4 6584 8388 5060 3643
4 7710 2382 9204 7222
4 1737 7252 8412 3788
4 3987 9985 2110 8511
4 7529 5187 1878 3754
4 5231 8570 5585 5281
4 4386 274 6429 4705
4 2094 1404 4664 7022
4 5796 2898 5697 4556
4 9487 8879 8441 4987
4 6735 1732 9101 4062
4 8197 7329 8546 5029
4 1756 562 2520 4174
4 2584 1793 3787 4224
4 8754 2120 7992 9229
4 998 5260 8318 154
4 2395 6242 7086 7067
4 6655 6411 4821 9400
4 2861 5134 1987 538
4 6312 3038 1130 5949
4 59 5182 6635 3645
4 7923 2173 3327 5466
4 7569 9807 3993 3205
4 7704 9230 6420 6185
4 5515 462 5747 1622
4 9612 335 8064 4581
4 7444 1892 5917 1350
4 6632 3838 4019 8344
4 8873 3509 1654 7639
4 7262 3425 784 8508
4 8452 9361 7669 911
4 7796 7177 9717 1166
4 2489 3235 2390 5611
4 5905 4669 4103 5430
4 398 9313 7427 3383
4 8407 2903 1501 4843
4 820 3131 2427 1401
4 1729 618 5379 3685
4 6459 2878 6456 3546
4 604 150 2563 256
4 9004 5951 4653 9554
4 1248 6952 5045 2252
4 7549 8502 3843 583
4 7064 8212 444 3059
4 4848 6068 2357 9321
4 8603 6452 6432 7228
4 5886 2333 1227 8405
4 8733 270 9296 5406
4 8189 1646 2057 9793
4 8437 7194 8875 6290
4 9354 2417 9844 4132
4 9529 5950 9406 2974
4 6839 343 2689 2662
4 9213 7694 8165 7488
4 4449 1869 9617 5316
4 1524 3704 7580 5906
4 4318 3824 7864 5014
4 4574 365 3610 4906
4 5744 3012 3854 2154
4 9483 2059 22 9270
4 4100 7653 258 4691
4 6823 70 5783 5480
4 4233 7951 8694 5859
4 3904 6090 9771 3017
4 8479 8629 1696 319
4 3626 1751 69 194
4 7108 1678 3584 1964
4 5416 2987 5718 1335
4 9620 1898 3313 5340
4 1287 359 2035 342
4 2545 4662 983 7129
4 6476 4694 1638 508
4 9383 5200 349 1937
4 4004 2632 5599 1700
4 3697 1376 6917 4520
4 1396 7695 4675 833
4 9131 5732 7309 4860
4 5427 6264 8934 6614
4 4041 8129 669 8732
4 370 6430 4163 1917
4 973 7117 7903 582
4 2061 1475 6920 4630
4 847 3412 6294 200
4 3015 554 3539 8686
4 4644 1220 9022 4032
4 9247 6366 1485 795
4 4863 3674 1133 8001
4 2155 840 3821 2153
4 7792 4047 9346 7033
4 6668 4325 2996 1177
4 4631 906 5771 6279
4 3135 9413 7906 2231
4 2222 7036 568 5979
4 1492 7237 4804 3949
4 9618 5240 8863 1180
4 7168 2490 545 5727
4 5363 3743 1029 8877
4 2752 926 7642 7337
4 2687 5146 9338 179
4 2843 9013 1836 2464
4 5570 9038 6846 5534
4 44 101 845 1731
4 453 8222 7132 7251
4 2117 8821 6141 9150
4 8284 32 2731 2170
4 1561 78 7962 781
4 7100 4078 9570 6434
4 8775 4352 5778 9164
4 3505 1084 2237 1665
4 461 9486 6513 1305
4 9765 3347 9651 1119
4 4036 4340 6307 1120
4 1423 9858 550 7408
4 3295 3559 2812 5262
4 8287 919 1978 5265
4 2932 3265 3744 3292
4 8004 9519 3332 8141
4 6640 9047 3213 9297
4 1385 4814 2852 379
4 8854 2148 4746 7921
4 3273 602 8770 8135
4 5616 6097 6213 1897
4 8591 1587 9205 5635
4 3715 2946 6629 6902
4 2345 7966 7899 347
4 2096 1768 8089 1226
4 5918 2399 2570 292
4 6639 3809 5148 2512
4 9813 8326 415 7706
4 3420 2294 6697 3247
4 674 5731 8806 5745
4 1556 5330 2425 2602
4 7936 590 757 2378
4 5090 3887 9613 4939
4 666 6053 2303 2384
4 2935 3818 1781 6796
4 5251 7457 8734 472
4 4695 40 9948 7795
4 2331 4031 5005 5696
4 2598 6778 4001 7658
4 6762 4000 733 4621
4 3825 8977 8316 4628
4 1677 7600 8525 9102
4 9959 1593 3402 9636
4 1081 620 2835 9380
4 4147 6960 5140 1063
4 1114 842 2232 9172
4 6756 3728 7491 4344
4 5001 5584 4914 4605
4 5592 4245 9362 6551
4 8689 4679 8355 5268
4 8384 530 3052 9759
4 8119 4215 9157 8309
4 6196 689 1100 3917
4 9818 4711 9737 6901
4 7525 221 7014 361
4 1388 146 6096 5304
4 5989 7924 5702 6334
4 864 7828 1137 3411
4 683 4221 9152 8011
4 6613 4839 8573 3782
4 948 6256 6544 5844
4 4106 2649 2990 184
4 5526 1853 6675 1804
4 9888 6102 1983 3716
4 3942 6175 7510 9282
4 8911 3364 3208 173
4 8320 9716 5699 3866
4 5083 7430 4095 2280
4 4194 8449 4544 3620
4 4473 2837 7233 8080
4 5211 9637 6189 5640
4 9128 3428 8028 61
4 3149 7663 9711 5227
4 5052 9471 500 4297
4 7369 24 1656 643
4 8585 7454 123 6701
4 8777 2495 2184 6119
4 2459 2006 726 2586
4 2819 9122 819 6841
4 936 3368 7807 268
4 7515 900 6963 5342
4 132 8823 5741 9604
4 7819 2555 2324 8975
4 4670 2437 3439 7882
4 2968 6478 7758 3534
4 2246 1381 8393 2318
4 7577 8438 1271 4220
4 3484 5980 2227 3267
4 962 2601 7096 1679
4 8240 2144 8410 195
4 7863 2565 739 6682
4 8814 1090 3491 360
4 876 7105 982 972
4 2723 4328 8572 9491
4 7939 4708 8268 9775
4 7368 3926 2264 3307
4 752 2074 9993 867
4 8837 2329 9846 4950
4 9256 7991 8981 9927
4 8991 5730 7693 2386
4 3457 9468 9329 573
4 110 9137 4646 862
4 8392 8133 6304 8098
4 3176 5615 3281 5736
4 7950 7471 7957 3186
4 7208 7876 5212 7416
4 7290 9429 4935 866
4 371 6326 4714 1880
4 7101 4187 4311 986
4 2196 9703 279 1171
4 2728 8196 1848 800
4 684 9123 7546 4699
4 8636 7954 2466 5399
4 4808 4307 2595 5343
4 9267 6051 5368 3705
4 281 4208 3504 8473
4 8641 4502 3124 108
4 2212 6637 4537 8756
4 5791 9201 6258 6398
4 63 1519 9810 2356
4 6240 2467 1669 388
4 2499 7037 9085 4323
4 5602 321 1086 9556
4 9614 6585 4856 3169
4 2475 7314 6922 1313
4 4090 4639 4811 5471
4 7259 4627 8027 5828
4 714 9689 8727 4427
4 3656 7943 5643 2447
4 9019 960 2671 9100
4 1101 1827 4217 9421
4 2064 3060 1806 2105
4 5651 3299 7349 3827
4 4916 5536 3849 894
4 9894 9048 4894 8771
4 1013 9633 9114 1479
4 3678 7426 691 8282
4 7834 7990 937 8793
4 839 2854 5800 1624
4 1491 4706 7640 9301
4 3765 4635 5279 5377
4 5048 7155 7060 8924
4 3024 7424 1409 8556
4 7945 6152 1279 9007
4 2548 860 4308 2793
4 6170 5380 1172 6187
4 7198 1856 6484 4425
4 4405 512 7502 3727
4 4961 8137 2011 8009
4 1115 467 1532 4394
4 1004 2127 8229 3941
4 5945 4456 1377 8038
4 9965 8907 383 7561
4 1071 2277 4155 401
4 7937 4442 8886 6799
4 4685 3641 3381 6417
4 3302 9752 7963 8000
4 1233 3527 2012 1611
4 2124 9062 6184 6180
4 4579 6645 2086 9031
4 3795 7821 3174 3817
4 8152 648 7274 1818
4 3272 7186 9830 7799
4 9986 8238 3318 6517
4 5042 9121 9787 9457
4 9295 1595 3401 2769
4 2141 2732 5481 1824
4 7104 2746 413 9744
4 384 9580 4599 8534
4 6677 5174 20 8716
4 3647 480 8576 1972
4 2070 4057 1904 8507
4 2008 4554 9543 3636
4 7927 5047 7275 7333
4 1734 7734 6104 2038
4 6782 3905 4173 2373
4 5101 6733 8740 8960
4 4702 7692 1683 9189
4 7135 6058 3445 9498
4 854 3258 5401 5853
4 6495 5271 7791 6222
4 5773 451 9745 5391
4 4430 3011 3873 8857
4 2115 6852 5098 6500
4 8058 9365 3880 2098
4 1707 3297 639 1495
4 336 147 37 118
4 1214 7118 6958 4976
4 1164 8648 7521 9582
4 7540 5197 3227 2771
4 2080 9368 4359 9862
4 7201 5566 8108 5663
4 4957 6724 1527 7087
4 5046 9276 4176 9863
4 8639 1616 1694 8996
4 2922 2506 8067 4193
4 443 2927 5429 8985
4 2558 9192 8166 5398
4 7409 6623 8084 8086
4 5214 5556 2028 483
4 4788 1445 2201 412
4 4917 7809 1212 4932
4 1341 4790 1868 1625
4 7896 7480 2002 3860
4 8063 3983 7441 6457
4 5653 9187 2463 4632
4 3499 9896 4775 424
4 7825 253 7165 4175
4 7961 6364 4845 1087
4 49 7175 2205 2271
4 976 7884 8897 1131
4 7202 6003 6740 6063
4 6702 1036 9294 3474
4 1146 5705 3121 3261
4 9307 9414 789 5938
4 4964 1339 6202 7069
4 1830 1761 193 1469
4 4886 8682 6261 3777
4 6381 635 1323 7017
4 3463 4766 2235 2827
4 7313 5823 6492 5107
4 9568 8139 4558 5189
4 4509 3092 8753 291
4 6176 6042 7388 8417
4 818 7220 5327 987
4 82 9684 5612 8136
4 4983 1332 9877 4535
4 5295 3566 303 5619
4 8612 2304 1516 1652
4 3792 4335 3883 917
4 6107 8059 4882 7736
4 7757 7662 9272 3216
4 3047 9828 2694 2873
4 7595 6972 2950 3690
4 5772 7116 393 3935
4 4874 1344 4634 7011
4 5982 5457 6356 4651
4 3607 4975 8642 2900
4 4135 8263 8347 7606
4 3940 8516 1266 6692
4 3096 7255 5573 8164
4 2727 4742 6569 7043
4 2274 6353 9535 9553
4 5713 8650 2172 7404
4 2228 3517 5024 865
4 8338 3022 7878 6177
4 9305 4977 8406 9186
4 6252 2828 2549 5658
4 2964 5474 6560 1192
4 3896 9459 5505 2179
4 3228 1259 3515 4260
4 1353 5094 2136 1554
4 636 2705 3394 5957
4 3309 3339 4992 318
4 7136 5418 5168 3947
4 4322 53 863 121
4 8485 3573 7425 9234
4 1210 4907 4549 3493
4 8608 6205 1403 5694
4 887 1464 4789 5409
4 5310 1382 1167 5051
4 7305 8305 6993 9833
4 1851 7499 7092 652
4 6168 211 2143 7172
4 4240 7170 6127 9521
4 7543 8679 1549 5064
4 3293 6651 8564 1105
4 7516 5954 3580 2418
4 71 8751 7018 2453
4 9433 4771 7264 7000
4 6550 2398 7532 4918
4 4406 8861 7907 5825
4 8322 2295 5621 1831
4 4925 9730 9251 8780
4 1988 6157 7121 4088
4 8745 8568 5422 6118
4 1203 6676 8900 1685
4 6935 9799 9068 6078
4 9129 8609 143 5577
4 9866 8677 7581 6862
4 7551 9111 9367 5958
4 4940 7759 613 6792
4 1671 8864 4489 3521
4 1955 4477 8859 226
4 5625 3518 3888 769
4 7145 96 703 1918
4 9795 6578 2775 163
4 1812 7764 6446 8311
4 9527 7917 6015 4910
4 4185 5633 9181 9754
4 7 3894 6887 3353
4 8116 6110 4238 5907
4 4141 8204 8941 574
4 5383 3828 1021 4851
4 3437 9853 311 7833
4 7579 6526 9333 616
4 5219 3932 8640 1563
4 47 9043 9724 2039
4 4131 6365 8379 4810
4 594 8333 8201 7667
4 8465 4883 7395 428
4 7326 738 7672 8758
4 1322 5020 6275 2531
4 3114 5449 3933 6805
4 1450 1735 229 1209
4 2456 4415 7357 6163
4 9552 9880 9678 6654
4 8851 4066 168 7292
4 4167 3020 8372 796
4 2259 6616 6944 9698
4 4235 8187 7946 3154
4 4637 3371 1170 7588
4 7359 2375 5613 921
4 9 1179 1400 2326
4 3142 3352 7964 186
4 3042 8172 8737 6831
4 1713 2081 2335 5210
4 7231 3608 511 2715
4 1094 5869 1127 5257
4 766 9499 956 3541
4 5006 4801 9659 1302
4 5652 9961 6414 9264
4 1742 1825 6132 4598
4 4655 8056 1453 7578
4 9539 3540 958 8494
4 1934 6731 6225 8117
4 3686 6121 5972 1574
4 7583 4011 9995 7574
4 9690 3531 3570 4392
4 532 9920 7686 8310
4 2686 6316 8632 2841
4 5873 7920 6711 3784
4 2962 1889 9003 901
4 9525 6553 3841 9624
4 4074 6133 2683 9770
4 5494 8824 5410 7453
4 4561 9566 6664 6234
4 7715 7647 1286 9336
4 4657 1311 2750 9323
4 3844 3885 6008 2068
4 9263 1837 990 111
4 8803 4301 4197 5514
4 8553 8264 6373 4822
4 727 916 7507 7590
4 3072 7624 9314 3144
4 2481 706 6148 5617
4 1895 5336 5356 4285
4 723 8606 1640 4840
4 1050 4953 6983 8224
4 7083 850 8498 1789
4 4847 2726 7697 5073
4 6957 4731 2754 2803
4 4475 7346 6064 794
4 4112 7812 5944 2947
4 6129 7613 2297 9931
4 8387 210 5026 9200
4 9532 6605 7247 6480
4 4102 9143 3793 2281
4 9235 10 9679 6301
4 7447 7318 1235 3266
4 2759 2836 2472 4440
4 9917 7278 955 3878
4 3357 3692 7197 7019
4 8250 5518 8019 4952
4 62 3137 4942 3008
4 4374 208 3543 8110
4 2982 6490 6323 682
4 7088 5198 1650 516
4 8736 3877 7969 189
4 2736 924 675 3469
4 2293 4495 3929 8015
4 7196 8176 5908 6671
4 3519 1584 1461 7065
4 8332 9721 4046 4978
4 1946 9984 4355 3994
4 954 6296 4774 8530
4 3196 7412 7223 8542
4 8375 7319 6332 9179
4 7648 3037 7815 1753
4 213 7103 2621 2385
4 7032 8940 1488 4996
4 7308 2462 3449 5903
4 9946 8430 4330 8561
4 4320 404 6243 7980
4 9196 6306 8103 9773
4 8010 7419 8235 6223
4 859 2718 719 3984
4 2045 6981 9083 803
4 1591 3362 3587 1316
4 6547 8003 5460 5539
4 9063 385 3547 9603
4 5163 7993 9726 9073
4 6882 1888 2296 1308
4 1418 1642 6093 5511
4 4076 1718 4172 2334
4 5777 8938 4400 192
4 1724 4777 4623 8584
4 8767 5548 2577 6620
4 7725 8637 5329 9148
4 5904 3323 9859 3438
4 4619 2604 1891 6748
4 3337 2674 3123 6720
4 6611 9626 7674 6158
4 2342 5916 115 7711
4 2060 7286 218 922
4 8193 5118 431 478
4 2652 1877 8986 5373
4 1568 9908 7397 1984
4 3689 5366 8409 7298
4 6178 2907 2242 8870
4 9106 5610 4562 7636
4 992 3498 4877 1494
4 2340 5058 9134 1992
4 4402 2353 1184 7479
4 9119 2226 8049 8786
4 5172 5644 1321 7423
4 2544 7733 3789 9557
4 3155 3485 7496 1749
4 8644 8537 7190 4149
4 4912 1810 316 7045
4 4490 9374 1610 5557
4 4638 7152 5895 3082
4 1433 5948 6531 1190
4 4995 6965 1796 7634
4 9966 6534 977 935
4 3170 4038 6126 5900
4 3672 7356 3226 6833
4 9747 6988 4796 1985
4 1621 263 8541 3990
4 2642 1040 5834 2758
4 6558 1159 6541 4468
4 3775 6721 8808 7675
4 2085 7983 1161 5829
4 3648 2165 6698 7315
4 2749 9550 6293 6075
4 586 3892 771 7544
4 9576 7659 8729 8725
4 201 8487 3324 2330
4 120 7673 4826 2583
4 5729 3978 8244 1496
4 8626 9464 3431 8728
4 9344 3913 1045 5840
4 3757 6451 8766 6812
4 3781 6010 9372 3794
4 6038 750 9261 207
4 7851 6856 4248 249
4 6913 2160 9227 7915
4 8601 7526 1661 2541
4 7494 6036 9860 4693
4 5686 2872 3178 4356
4 7451 1197 1502 9436
4 3542 6336 2483 4034
4 7643 3944 7898 5122
4 4139 4521 7622 8567
4 3257 3126 9173 6636
4 8478 520 5833 7883
4 6571 3673 4428 2546
4 774 2095 417 4107
4 6567 3223 4054 7793
4 4550 1965 8314 1191
4 8397 9546 5848 1142
4 5931 5649 9260 5206
4 8138 5835 1099 9977
4 7148 3375 149 7138
4 3889 7363 5672 7682
4 7545 3134 6245 2532
4 7464 4555 8961 4899
4 2628 5970 4578 3416
4 5156 2516 4407 1949
4 7814 597 3761 6098
4 2323 2575 9882 5008
4 3593 206 3212 4986
3 1763 9879 5246
3 403 915 2582
3 8186 2241 1533
3 9542 7610 9785
3 4150 2308 4518
3 6134 6188 6529
3 2862 3379 9901
3 9302 8697 2234
3 328 464 3799
3 4244 1152 425
3 2870 7594 3956
3 676 8617 3146
3 3376 5451 6244
3 3112 9072 8160
3 6537 5530 5313
3 4058 5547 355
3 3475 4960 1188
3 7862 6220 6302
3 2795 9864 9734
3 9151 6320 1230
3 9713 6769 1043
3 8997 1010 5041
3 9275 5559 7559
3 18 1598 8464
3 2300 9761 3316
3 8865 7818 9996
3 6467 1073 487
3 58 151 5253
3 9559 4875 6315
3 6927 9848 2191
3 4959 5017 8665
3 7079 6994 2210
3 2213 8683 3370
3 4390 2806 9453
3 2814 2804 6903
3 1383 7617 9655
3 5081 11 930
3 2036 9092 3115
3 4044 1178 133
3 7316 2952 5994
3 8267 5332 8177
3 8242 1429 157
3 9900 4064 4948
3 8233 6985 491
3 8115 9776 4237
3 3840 5898 9002
3 3869 6377 3564
3 3451 2536 3859
3 3708 8168 6095
3 8259 6350 8472
3 4480 5170 9274
3 8506 688 8759
3 9528 8134 34
3 6147 7592 2956
3 5609 1522 9458
3 7703 4293 9534
3 1711 8652 9502
3 6171 5551 6649
3 7445 9161 499
3 7166 709 2554
3 2123 6984 7666
3 5845 2802 5173
3 778 4884 9555
3 8616 6193 3099
3 8849 3167 7236
3 3842 6680 7013
3 446 5758 6208
3 8079 2055 5400
3 9320 3677 909
3 2305 834 3355
3 9243 9602 7024
3 1160 7489 6600
3 9873 145 1138
3 1049 7524 4508
3 1936 4222 8828
3 1839 9299 7803
3 2267 6384 5558
3 8094 4043 1196
3 5540 9286 5881
3 3526 5671 6630
3 3583 5776 4887
3 1136 171 868
3 2313 6602 465
3 4837 2592 6174
3 5096 8956 3085
3 8101 8684 9606
3 245 6932 2634
3 2243 6757 3105
3 654 9340 1586
3 2023 6738 7800
3 333 912 2193
3 6050 9895 4787
3 6359 6777 9868
3 6123 4134 2311
3 9605 1378 2220
3 1552 8529 4807
3 8167 4367 4487
3 7944 3579 1814
3 9514 9359 725
3 7267 9748 4567
3 1509 2461 737
3 5359 7413 9086
3 4284 4559 7386
3 5324 9588 458
3 3950 7522 7743
3 5136 9507 6590
3 2985 4871 2469
3 9921 3544 8643
3 8509 7209 9431
3 7726 1787 1221
3 7953 4474 203
3 7385 4786 4156
3 687 1116 2137
3 8286 5325 5882
3 8036 8453 2376
3 5854 4126 728
3 4551 1833 6828
3 2944 7249 7665
3 7008 9390 4279
3 2282 970 831
3 4902 87 6713
3 373 5207 1032
3 2920 5919 9015
3 6300 6367 9035
3 6580 995 2412
3 5209 8342 8202
3 6842 6231 2859
3 3106 4200 611
3 9784 2809 7307
3 2535 9907 1980
3 8367 797 3951
3 4498 1636 6990
3 1767 3745 3201
3 1845 9746 8667
3 3899 8247 6744
3 7466 2106 7163
3 3632 2203 8791
3 6481 1998 3965
3 3618 297 8773
3 1231 5151 8675
3 9289 8363 6851
3 1427 730 8543
3 65 8659 439
3 3253 6 2050
3 2817 1508 1971
3 7922 7026 304
3 5665 1096 7410
3 6060 236 7826
3 9856 7824 7367
3 8348 9871 9332
3 177 9341 89
3 5600 3496 1953
3 6989 8929 1993
3 4690 3811 1688
3 8701 7250 2442
3 9283 3736 2047
3 9722 7041 6761
3 7700 8501 288
3 463 1122 3274
3 9942 8132 3076
3 9732 5131 2046
3 8026 1129 6328
3 593 513 541
3 5622 1820 3442
3 2994 3945 3147
3 7756 5803 4879
3 3002 6577 5234
3 8563 7558 2533
3 3083 1044 2824
3 4965 6313 7965
3 1359 8297 4747
3 8346 877 6843
3 4151 5371 6270
3 6638 1261 6448
3 7050 1620 5523
3 4516 1205 644
3 8721 6415 2608
3 780 7253 3233
3 1996 5839 7724
3 8047 7218 4943
3 6582 4617 5865
3 2941 1712 8277
3 9691 9649 5178
3 2572 4717 7110
3 1357 844 6746
3 1817 3561 6506
3 7212 1154 4716
3 3229 1975 8210
3 8834 9629 280
3 2619 1117 1201
3 9252 7153 2422
3 6329 7215 4403
3 8253 1726 234
3 745 6198 1716
3 1085 5013 6811
3 9778 5007 8822
3 2364 4565 3621
3 4951 7443 6814
3 4137 2573 7742
3 1336 2320 8426
3 2571 1483 4030
3 9366 139 893
3 522 5074 7938
3 1372 5902 9978
3 5962 9718 5676
3 6363 6226 4478
3 9779 9425 9538
3 3356 5061 7371
3 103 2957 1755
3 4582 1361 2610
3 2009 4361 6973
3 8839 2125 848
3 9443 5462 9838
3 717 3062 6425
3 9751 8714 4949
3 251 5593 2884
3 6477 8670 2406
3 2112 5476 1110
3 1861 9569 7320
3 4351 8722 9922
3 565 9511 3819
3 8477 8239 1958
3 67 3655 6899
3 6426 4093 5125
3 2647 7149 5724
3 5909 2486 9870
3 5891 1282 4314
3 8811 1963 9656
3 2351 6498 576
3 2905 8032 8382
3 7119 5149 896
3 8199 2245 9611
3 9154 9222 8252
3 3443 9325 7150
3 3089 7432 9709
3 4259 7238 6809
3 9124 8658 5161
3 5793 3508 5128
3 645 5378 8093
3 7629 174 2567
3 257 7463 3698
3 1340 7361 4501
3 1976 1406 5482
3 214 6389 2949
3 8614 9594 8978
3 7981 1720 8142
3 5492 8895 9699
3 7671 3830 6774
3 9585 1487 2661
3 7330 264 1371
3 1202 1523 7729
3 1510 9419 5276
3 332 3997 2101
3 9806 9490 5586
3 4357 1648 4144
3 8947 7699 4337
3 1701 164 9524
3 2162 178 5233
3 7911 8442 2789
3 3308 1249 804
3 3214 6028 7616
3 60 4703 5872
3 5239 5544 7094
3 188 1037 4069
3 6666 5028 7216
3 8200 8198 934
3 8923 4527 8256
3 1001 4604 7931
3 4867 3857 405
3 9968 6370 8919
3 8163 9714 2444
3 9363 8835 2163
3 4557 9974 2629
3 1717 3271 1867
3 9930 7740 8383
3 6914 634 2514
3 7934 6747 3802
3 5733 1866 2307
3 1740 4870 9232
3 5236 8866 8894
3 5244 3480 1329
3 6956 1747 1480
3 8779 3107 8954
3 7057 3001 1606
3 6342 8293 6494
3 7391 5529 1909
3 5991 1681 5362
3 6297 5563 6726
3 1505 1526 2730
3 8651 3834 8325
3 1564 3516 8401
3 2776 117 1899
3 4727 4696 740
3 1800 9426 6002
3 1351 6419 3536
3 9545 1253 6473
3 3730 7677 76
3 9166 1821 8965
3 296 124 1027
3 1364 2488 3407
3 1883 9397 152
3 4331 7748 2953
3 3750 4663 7849
3 7439 5683 4267
3 8040 923 5751
3 7415 8607 7984
3 8431 4656 7925
3 4572 7603 2358
3 7344 2484 9971
3 9962 1948 6897
3 3120 3055 5897
3 7210 6444 5245
3 791 2221 5770
3 8990 8418 6904
3 8915 836 3563
3 4161 5375 7289
3 5808 6662 4196
3 2509 407 4791
3 1743 5503 4596
3 8579 931 2785
3 5488 3306 5190
3 7972 9250 7785
3 3473 8035 5986
3 2265 4997 9583
3 2043 7518 3582
3 5728 1708 1058
3 767 6483 6681
3 9271 9952 2799
3 1714 7683 9223
3 1061 4725 1416
3 3087 2428 9891
3 55 8707 3263
3 6627 5720 1778
3 902 7880 4246
3 1673 6540 615
3 6273 6206 3747
3 301 7678 1118
3 631 5785 5043
3 8548 9376 6818
3 3845 735 9692
3 1200 2020 5812
3 6144 556 1744
3 8470 7696 7010
3 197 1684 3651
3 8625 6443 1649
3 6742 3906 6522
3 773 2309 579
3 9797 9078 649
3 6410 3 3581
3 5553 3769 6161
3 6309 4055 198
3 9572 3028 4726
3 8702 7870 5628
3 5155 7178 6962
3 2089 1571 1951
3 5864 5998 9280
3 8183 6583 4892
3 6192 4179 7895
3 1476 8874 3972
3 7436 4926 1471
3 7567 7302 4482
3 4600 5278 8711
3 3557 9220 3665
3 2612 9755 6844
3 4649 9014 6160
3 278 4532 3914
3 1228 8123 899
3 3791 7095 4291
3 4079 5941 5461
3 3870 7618 6827
3 4524 6146 7664
3 8671 4230 6964
3 875 7296 8022
3 4861 1601 6576
3 9265 3132 4858
3 283 9769 5346
3 9843 3367 4994
3 5308 6557 9820
3 1912 4496 9667
3 85 8750 1270
3 2912 7542 1507
3 2000 1234 9488
3 1140 2937 7959
3 432 4650 3822
3 884 7888 9209
3 3278 9450 9210
3 4469 8527 3246
3 5203 17 5040
3 6012 56 7490
3 4607 3973 8336
3 5849 9719 1452
3 7978 9597 4136
3 9695 5899 5059
3 2585 2129 4982
3 8964 7778 6311
3 1224 8931 835
3 2877 846 8517
3 8932 5875 8006
3 7861 5879 5850
3 1542 8328 9398
3 8692 7130 3884
3 2939 3924 9600
3 1923 3511 5192
3 3248 7823 3136
3 2627 7839 1979
3 4439 9182 1590
3 1484 6266 4104
3 9599 9350 6890
3 559 2600 4298
3 8524 7375 7875
3 7536 2848 8903
3 137 3050 2240
3 4292 4668 4255
3 2798 1570 3555
3 8466 8081 9337
3 9197 2407 6648
3 3853 5579 8930
3 9849 3239 1504
3 6656 2811 949
3 5341 3895 1288
3 4946 6685 8801
3 2566 8241 8746
3 172 4170 392
3 2185 1589 2024
3 5441 4522 7713
3 6938 5250 2328
3 760 6396 6693
3 529 5487 8298
3 2368 9530 7770
3 6715 1015 160
3 3969 9741 4164
3 1430 4573 4419
3 3746 5627 3097
3 5446 6052 953
3 1765 3029 9075
3 2716 1994 2977
3 6752 5574 402
3 525 7204 6017
3 9168 628 2025
3 2766 9407 1369
3 3104 1632 9328
3 8673 1847 2159
3 2007 1884 2072
3 4990 4859 9767
3 4491 28 414
3 9214 3276 1135
3 8833 8578 8950
3 8161 4671 7859
3 9246 9135 6976
3 8044 7003 801
3 2879 142 9564
3 3691 4592 4640
3 6149 589 6915
3 5056 2765 7310
3 642 4091 9149
3 2590 9382 57
3 656 6215 305
3 7151 1874 7219
3 7752 5513 2596
3 8653 7777 4969
3 289 7382 978
3 1876 4089 2278
3 1943 1440 9096
3 9852 4792 3681
3 2538 8468 9540
3 5824 6703 6766
3 5815 4865 8597
3 1056 5035 8440
3 1393 4692 1318
3 1819 6673 3903
3 3808 3891 9036
3 2697 8434 4767
3 8258 5981 1930
3 2999 9241 7384
3 6111 6628 678
3 307 290 8153
3 6741 2887 5606
3 1260 8967 6436
3 7475 6155 7614
3 4933 4904 2751
3 9238 2091 9551
3 2190 4363 2198
3 1562 1723 7786
3 6228 7090 6203
3 3980 4636 4783
3 9675 8423 640
3 9165 4611 4661
3 4857 5794 7877
3 7512 5355 6528
3 1704 4410 4514
3 9326 5044 1939
3 5710 534 9802
3 4989 3912 6870
3 6849 3617 2215
3 540 6016 5255
3 7406 3558 6705
3 362 9549 2983
3 5517 2400 8180
3 4381 5086 6466
3 5235 7074 4052
3 3839 4773 2343
3 7841 622 7751
3 9523 4506 5019
3 3654 7534 459
3 2254 5389 6864
3 9976 898 4124
3 3553 6794 6925
3 1023 9650 8376
3 9016 3422 5763
3 6380 711 5164
3 3567 6289 8447
3 1467 358 7387
3 2457 6800 4387
3 7374 2783 793
3 4412 9988 1569
3 5205 9456 673
3 3760 6361 2062
3 8432 4375 1157
3 7914 1609 3590
3 6076 489 1047
3 1422 7768 300
3 33 2381 6822
3 6857 9561 5106
3 8715 3145 1952
3 8889 8898 4504
3 3718 4720 9892
3 6514 2401 1165
3 5489 3595 2881
3 2389 4452 6357
3 5856 6340 4286
3 3244 8150 5939
3 7530 8845 1668
3 7230 3882 5752
3 2874 3188 8413
3 8043 4026 9009
3 6784 5522 8215
3 396 8299 7881
3 2260 3129 5657
3 1529 3075 3991
2 1922 6700
2 9631 5901
2 1512 3153
2 5467 8425
2 5920 3966
2 39 2134
2 5085 6873
2 8712 6834
2 3985 170
2 4467 1174
2 4823 7956
2 1886 9183
2 3749 7596
2 4202 7970
2 5832 5896
2 947 2167
2 5531 9091
2 9221 7221
2 7689 1822
2 4704 1347
2 2924 6022
2 6421 8276
2 4016 0
2 8519 6574
2 45 2875
2 1256 2707
2 7731 3694
2 3322 8752
2 5756 8908
2 849 1199
2 4465 6248
2 313 204
2 9573 8562
2 3724 889
2 471 1181
2 5166 7509
2 2672 6942
2 6659 3127
2 1908 1411
2 5277 7975
2 4659 9836
2 6596 5721
2 9987 5813
2 2367 2337
2 5860 5947
2 6112 7727
2 4511 8876
2 1106 433
2 3203 1840
2 708 6719
2 5836 8810
2 8143 6280
2 7500 8031
2 6246 8696
2 825 4092
2 514 3596
2 2702 5157
2 3031 6351
2 7555 968
2 4206 2954
2 5496 9935
2 608 4228
2 4958 1535
2 4188 2578
2 3330 5082
2 1012 2786
2 3657 131
2 9198 2033
2 9418 3004
2 1843 7633
2 6263 1330
2 240 1750
2 9269 6835
2 9028 456
2 1062 3311
2 8454 136
2 9768 5191
2 430 2891
2 2762 9584
2 97 9944
2 9446 885
2 5208 7995
2 3939 183
2 372 457
2 4534 7407
2 6565 3280
2 2772 2102
2 4798 2713
2 6824 86
2 8435 1961
2 6352 6137
2 5666 4358
2 3344 7554
2 6450 6959
2 6197 1546
2 8037 7362
2 6463 1538
2 2207 2149
2 9855 3141
2 7461 7206
2 7586 4434
2 8815 756
2 4595 8353
2 4399 2892
2 4116 3021
2 6471 4339
2 9094 1536
2 9215 7078
2 9578 8663
2 2741 8486
2 3875 4736
2 7850 4688
2 5066 502
2 7602 802
2 7889 6232
2 31 6699
2 5181 1009
2 1426 4097
2 6229 9595
2 9394 5631
2 7632 7557
2 2685 4689
2 7960 5719
2 5817 4488
2 1959 325
2 2169 6725
2 9489 68
2 5959 8804
2 4099 2388
2 6034 1807
2 7971 9957
2 3679 7994
2 7631 1080
2 8097 9887
2 4855 6005
2 4880 7176
2 4723 2669
2 13 252
2 5443 8571
2 477 8398
2 153 2164
2 3396 4451
2 9475 6479
2 4750 2929
2 6563 6046
2 6291 6674
2 346 395
2 5863 4249
2 2019 293
2 4922 9065
2 2527 2432
2 7565 7804
2 83 8206
2 1276 8456
2 6210 3161
2 3902 3482
2 1194 9526
2 16 3748
2 2668 5714
2 2529 3806
2 9105 9635
2 3773 3930
2 7813 23
2 5387 4398
2 1031 1296
2 1250 9680
2 3911 9958
2 9496 5237
2 1514 1618
2 4841 6612
2 8952 8289
2 1986 8179
2 3125 2712
2 8654 3513
2 5199 6510
2 5175 858
2 4713 7418
2 4447 225
2 5769 8918
2 5641 4898
2 7761 7048
2 5097 185
2 8593 2402
2 6604 6130
2 30 6727
2 1865 7085
2 1132 5077
2 7721 5831
2 94 8340
2 1639 7868
2 4546 6472
2 6669 7127
2 5442 7273
2 1835 473
2 2591 6524
2 3615 1754
2 3078 2216
2 7805 7460
2 4564 1774
2 3506 5323
2 2911 6739
2 3664 6803
2 419 1653
2 1849 5171
2 8021 6581
2 2199 1699
2 8994 4312
2 7123 2781
2 3578 9029
2 753 558
2 5397 9194
2 9008 381
2 2268 5598
2 2289 6023
2 6035 5426
2 4818 8411
2 2016 6595
2 6520 219
2 4678 7400
2 8789 1093
2 828 159
2 2951 1783
2 4613 1627
2 3300 7684
2 8618 8987
2 3262 6227
2 6953 217
2 8539 4094
2 3334 4479
2 7788 3721
2 3783 1801
2 2711 5966
2 2065 7501
2 3312 610
2 1208 9660
2 9575 9941
2 3927 651
2 3862 5594
2 5370 4981
2 5132 5104
2 6586 4538
2 1292 1935
2 4529 7902
2 8638 9356
2 8842 827
2 3424 9156
2 1299 3807
2 2087 5345
2 6259 7744
2 1928 144
2 6405 9089
2 2560 6770
2 4833 2480
2 6409 9140
2 6497 7608
2 1870 9670
2 7134 6331
2 241 8776
2 8709 4842
2 199 8853
2 7553 8068
2 4553 8273
2 1331 5725
2 5804 356
2 2564 287
2 9225 3893
2 6387 9647
2 7229 3753
2 3006 4226
2 5550 1277
2 1841 5254
2 5578 2805
2 2288 1809
2 9710 9885
2 5424 3798
2 4143 6087
2 7948 5952
2 2239 9590
2 9158 5510
2 2435 9423
2 2344 7556
2 3209 3712
2 3812 7091
2 378 8321
2 1615 6125
2 348 128
2 6253 4290
2 9876 7434
2 2152 633
2 4709 9954
2 7541 7459
2 8493 9819
2 7835 2470
2 7140 1788
2 5294 4211
2 441 5183
2 2451 1284
2 2550 1799
2 2498 5779
2 782 509
2 4 693
2 8726 4633
2 9999 6085
2 4254 8955
2 1111 8970
2 6233 2579
2 4734 227
2 1046 8784
2 7753 376
2 6407 9742
2 1074 9663
2 5977 3389
2 4461 9701
2 811 3386
2 662 1553
2 3639 8461
2 3922 9632
2 2405 4979
2 8523 5177
2 2942 8374
2 9162 9533
2 741 3385
2 8491 2410
2 8602 7399
2 2508 9644
2 6371 2676
2 2030 2883
2 3199 7322
2 4371 4273
2 8731 1534
2 621 409
2 8872 3756
2 5266 4369
2 6254 6647
2 7820 5413
2 2825 872
2 7627 5885
2 9342 1705
2 7340 2747
2 1415 1439
2 821 9609
2 4435 7832
2 6678 984
2 1969 1206
2 148 7712
2 2934 3225
2 7393 4214
2 3058 2503
2 5883 6499
2 7243 9327
2 8613 7276
2 2166 5470
2 437 605
2 435 7093
2 5361 5167
2 312 9159
2 9963 7547
2 3466 6077
2 8395 9011
2 4758 5350
2 8778 7097
2 9070 5508
2 9822 4372
2 8535 4577
2 596 7789
2 4890 9749
2 3879 2556
2 4732 7059
2 3476 3530
2 9415 2206
2 8144 209
2 6853 4972
2 7942 6128
2 482 9218
2 1614 8361
2 9571 5067
2 7856 3189
2 1728 7098
2 3044 8114
2 729 4376
2 4724 2808
2 8272 908
2 1695 2485
2 4523 8061
2 7075 7741
2 5983 3717
2 230 6308
2 5993 5504
2 1517 6156
2 8002 5483
2 4232 8075
2 8462 6937
2 7077 4470
2 156 7187
2 6559 7483
2 7847 4098
2 1283 4063
2 8220 8698
2 2272 6265
2 4333 8880
2 8045 8797
2 9736 7730
2 9126 5870
2 5213 3635
2 6428 5533
2 8500 507
2 6545 5382
2 9357 3053
2 8868 4980
2 8635 8159
2 4966 7068
2 6971 4588
2 3023 7550
2 2298 7533
2 5158 4876
2 7248 1634
2 9686 5023
2 3108 1006
2 2657 6026
2 81 7929
2 4913 6539
2 5754 8190
2 959 9910
2 7139 7830
2 7030 406
2 903 3268
2 9932 4262
2 4305 1762
2 8850 6237
2 182 8592
2 2673 1932
2 3846 8968
2 6257 2393
2 6412 4591
2 5632 5910
2 4770 7584
2 9823 5472
2 8555 3361
2 2310 6617
2 7514 6021
2 1307 9044
2 1275 4283
2 6393 7688
2 9548 3286
2 2138 6859
2 9577 7523
2 6848 9042
2 3963 4453
2 4893 7281
2 4923 2645
2 5926 668
2 4830 6519
2 4048 4793
2 6533 5010
2 7102 5693
2 4060 658
2 603 2664
2 8085 25
2 2026 6454
2 1770 2961
2 4911 3611
2 452 224
2 3591 7071
2 6643 9311
2 7985 3810
2 275 1612
2 3382 4571
2 4236 9411
2 6961 6040
2 9914 5100
2 341 2928
2 2899 698
2 9861 6923
2 526 3719
2 886 5538
2 9146 5809
2 8231 7782
2 27 3454
2 746 54
2 6031 2656
2 8554 6592
2 4009 9059
2 1775 659
2 3523 468
2 6195 2709
2 9972 3696
2 238 7852
2 5838 8334
2 3619 6509
2 9933 6772
2 3156 180
2 9720 4525
2 1667 5386
2 9825 6516
2 8034 1777
2 7261 5549
2 6391 6850
2 6199 8118
2 2980 999
2 6283 6491
2 7504 4209
2 1873 2525
2 9024 1134
2 8109 3413