1628
2 7167 5029
2 9101 3662
2 972 5828
2 1302 2280
2 526 6334
2 6862 6923
2 3719 886
2 8231 5538
2 9554 9146
2 7782 5809
2 9933 27
2 3156 582
2 6772 6119
2 9720 319
2 180 6185
2 1316 746
2 1667 3454
2 4525 8554
2 9825 54
2 2038 6031
2 8034 6592
2 1777 2656
2 5386 8000
2 7261 4009
2 6516 9229
2 6391 4691
2 412 2153
2 5549 9059
2 6199 1775
2 7011 3523
2 3754 3990
2 6850 7890
2 8118 659
2 2980 6195
2 6283 468
2 6491 9972
2 7504 2662
2 5635 3696
2 7488 2709
2 1873 5838
2 4209 238
2 2525 7852
2 999 8334
2 9024 9270
2 4821 3619
2 8109 6290
2 1134 6509
2 3413 9204
2 9336 7921
2 4581 5539
2 9400 1964
2 5859 5406
2 4987 583
2 1308 6631
2 1725 4062
2 7222 911
2 2758 9638
2 4705 5619
2 5014 533
2 9150 3643
2 4034 2706
2 5778 3628
2 422 5466
2 8757 5342
2 1880 2431
2 3645 4976
2 4132 8511
2 1237 9321
2 2010 5820
2 4520 5049
2 8098 7183
2 1087 9164
2 4252 9833
2 379 5108
2 5697 7822
2 5257 9929
2 6792 2733
2 5949 1664
2 5227 1915
2 4174 3340
2 3843 1290
2 8508 7005
2 2154 5153
2 3383 1374
2 6163 8085
2 8546 921
2 8318 4438
2 8344 1878
2 4556 7574
2 682 573
2 1513 9357
2 8868 5382
2 6998 3053
2 9007 7404
2 1703 7929
2 6539 5754
2 959 8190
2 9910 9296
2 7022 7139
2 3469 7138
2 7833 7830
2 538 8441
2 406 7030
2 6551 6293
2 5008 7367
2 803 7682
2 5907 3993
2 9521 903
2 6075 9932
2 3268 7711
2 7292 1166
2 5480 8473
2 8924 4305
2 8850 1622
2 7067 1984
2 1762 8635
2 3534 5377
2 182 2231
2 8592 1171
2 2357 1326
2 7453 4980
2 6237 5262
2 2673 9498
2 1932 1804
2 3205 3059
2 3846 7337
2 8968 8159
2 6098 8494
2 2583 7068
2 6257 4966
2 6412 8556
2 2393 6971
2 5585 5783
2 3266 4588
2 5632 3023
2 4591 2298
2 4770 5938
2 2900 7550
2 5910 3307
2 7584 795
2 9823 5158
2 8555 4440
2 5472 4297
2 3361 1696
2 2310 4427
2 6617 7533
2 7514 4876
2 6021 1753
2 1307 7248
2 1275 1917
2 3854 6222
2 6393 6454
2 4283 2664
2 9044 2026
2 1191 5430
2 7688 2546
2 9548 3169
2 2138 3803
2 1149 25
2 9577 4911
2 3705 7000
2 3286 1770
2 6848 9297
2 6859 452
2 3963 3591
2 7523 2961
2 9698 224
2 9042 5640
2 6799 7071
2 4453 3611
2 4893 2385
2 4923 8541
2 7281 6643
2 2645 7985
2 3416 3810
2 1824 275
2 5926 3382
2 4830 8001
2 668 1612
2 6519 9311
2 4048 9189
2 4851 4236
2 4019 4571
2 4793 9411
2 6533 9914
2 5010 6040
2 7102 6961
2 4843 2928
2 5693 341
2 4060 3994
2 658 5100
2 5281 9861
2 5900 7658
2 7129 2899
2 3154 698
2 603 1190
2 121 4262
2 8244 1789
2 4724 2252
2 8272 2808
2 1695 2771
2 1972 4952
2 908 2512
2 7590 6614
2 2812 2485
2 8135 4523
2 8061 7075
2 5983 7741
2 3717 3727
2 230 3716
2 1485 6902
2 6308 2974
2 6411 5906
2 5993 9556
2 1517 5696
2 6156 3493
2 5747 274
2 4699 9457
2 5504 2447
2 8002 9686
2 9031 1501
2 8009 3108
2 9793 6026
2 4232 5023
2 6177 1634
2 8075 1006
2 6720 428
2 7045 9301
2 5483 2657
2 6682 5260
2 1496 4913
2 8462 3690
2 781 81
2 2039 866
2 3685 9264
2 7606 7883
2 2098 7942
2 6937 5279
2 7077 8961
2 8530 6141
2 4470 6128
2 6833 4285
2 4899 482
2 156 9218
2 6559 9931
2 7187 3777
2 1350 5557
2 7483 7578
2 7847 9571
2 4063 4098
2 7017 1283
2 8220 2532
2 424 1625
2 574 2271
2 8698 1226
2 311 61
2 2272 6607
2 6265 5617
2 8011 4333
2 8045 8880
2 833 1937
2 2827 5727
2 256 5304
2 8797 9736
2 9126 7730
2 5213 2602
2 8110 7864
2 6429 3635
2 6428 5870
2 8542 1177
2 8500 8561
2 507 5533
2 6545 2110
2 4845 1749
2 3058 9436
2 4214 7393
2 2503 3620
2 4260 3227
2 652 1610
2 2873 5883
2 6480 8879
2 7243 483
2 9362 4237
2 8613 7264
2 7165 6499
2 7276 2166
2 508 9327
2 437 5470
2 435 2172
2 4032 1731
2 8728 5265
2 2427 4807
2 605 901
2 4103 8758
2 5361 7093
2 5853 2884
2 4356 3144
2 6234 312
2 6174 7033
2 9963 4535
2 5167 2803
2 9159 3474
2 7547 5840
2 5045 3466
2 5979 7736
2 7938 7408
2 2425 1614
2 8395 8417
2 5340 5107
2 6077 7856
2 8142 9421
2 9011 5067
2 4758 8038
2 5350 7086
2 8780 7561
2 6901 1831
2 7793 8361
2 6841 1728
2 3636 3189
2 987 478
2 8778 2520
2 6675 3044
2 2500 8405
2 8770 8975
2 9775 7098
2 7097 4175
2 5745 8224
2 6654 8114
2 9070 1415
2 4860 2747
2 5508 729
2 8507 1439
2 2996 821
2 9822 4376
2 7172 9282
2 7915 1063
2 7416 7069
2 9787 1554
2 7588 9609
2 1305 69
2 4224 3935
2 179 1705
2 194 4435
2 4822 4651
2 1654 5210
2 2330 7832
2 4372 1897
2 8570 5643
2 8535 6678
2 1142 2170
2 596 7639
2 4577 2769
2 3984 3082
2 8311 9380
2 7789 4891
2 303 111
2 9749 4890
2 8117 3879
2 7427 6187
2 7059 4732
2 118 8877
2 192 2556
2 3476 8786
2 3530 184
2 2206 9415
2 209 8144
2 4972 6853
2 376 1329
2 2541 4978
2 2373 5957
2 1029 7636
2 983 3799
2 5844 1969
2 9742 4323
2 5977 3794
2 3292 984
2 7791 195
2 318 148
2 4461 2934
2 9701 5399
2 3389 7228
2 811 1045
2 3386 1206
2 6983 3225
2 7667 3267
2 9724 5073
2 2311 8857
2 1987 917
2 662 7712
2 6635 5051
2 9636 8410
2 2086 9977
2 1553 4254
2 4107 4633
2 3639 2789
2 9604 5699
2 3922 1111
2 8461 5833
2 2405 8985
2 5356 4950
2 2386 7307
2 4979 4330
2 8523 258
2 2942 4675
2 6500 268
2 9186 8791
2 9632 4425
2 2715 1992
2 9717 2883
2 6158 621
2 8374 1534
2 3827 3819
2 5177 8136
2 9162 4220
2 794 4273
2 741 7706
2 9533 8872
2 8491 3866
2 3385 409
2 2410 5266
2 8602 6254
2 9148 7992
2 9557 3756
2 491 6420
2 6434 6242
2 7399 8725
2 2508 4369
2 6371 3008
2 5005 5413
2 342 7820
2 7092 2825
2 9644 6647
2 173 1918
2 2030 872
2 2676 5187
2 5327 9342
2 3199 7627
2 4371 9773
2 7322 5885
2 8164 4810
2 8731 7340
2 4709 8955
2 9954 8970
2 633 6233
2 5409 9807
2 7541 1135
2 2586 6085
2 7580 4664
2 8493 922
2 8086 4344
2 7459 2324
2 349 9102
2 1131 2579
2 1909 3787
2 9819 4734
2 7060 7251
2 7835 4632
2 6692 2378
2 6701 200
2 9205 3394
2 3213 1133
2 2470 8784
2 4939 7753
2 8347 227
2 415 128
2 1196 1046
2 5316 6407
2 7140 9663
2 958 1074
2 5294 7799
2 1235 383
2 8064 8321
2 6917 6253
2 7946 4403
2 2012 9346
2 1788 8309
2 1494 7365
2 4211 1099
2 1949 4726
2 831 703
2 1230 441
2 9323 7758
2 203 4621
2 4996 1818
2 1679 5148
2 2550 2498
2 3784 2035
2 6279 9737
2 8282 5410
2 1284 5694
2 8960 3821
2 8379 2384
2 3327 6843
2 5379 5779
2 3949 2483
2 2878 1611
2 5343 1732
2 863 1323
2 1799 1335
2 291 935
2 6457 7479
2 1188 7507
2 6456 7669
2 1868 4
3 2356 8726 3247
3 1119 8406 782
3 361 388 1105
3 3860 405 693
3 8686 9999 7807
3 1993 9372 509
3 1180 7965 8412
3 3859 2201 280
3 2564 5183 2382
3 4948 3178 1661
3 8409 2451 8080
3 9152 8886 5510
3 8068 287 8875
3 3186 3541 5514
3 9179 6425 9570
3 865 7642 2179
3 5725 7640 9158
3 9225 3353 8502
3 7163 356 9582
3 643 2227 7349
3 9491 4392 5958
3 7878 728 9590
3 6897 6301 6484
3 1958 9314 6541
3 4714 4290 7544
3 6387 9555 7216
3 9367 4518 3893
3 4355 4986 4337
3 4468 3917 1971
3 7019 719 9647
3 9863 6125 5192
3 7298 789 9406
3 3753 9876 5182
3 3006 8103 5206
3 7546 7333 2418
3 5060 8771 4226
3 8534 1403 5663
3 6513 9862 5550
3 8645 6748 9100
3 1277 4906 7229
3 1841 2152 5329
3 5718 1685 862
3 1227 7441 4789
3 6904 7134 2435
3 108 189 5254
3 5578 3610 9423
3 2805 7434 819
3 2288 241 2577
3 7795 288 9860
3 1574 4646 691
3 9710 4149 618
3 1809 4791 8870
3 8740 2344 5612
3 9172 1563 8141
3 425 3812 6213
3 8310 1700 9232
3 5534 4693 7087
3 9329 3209 616
3 2563 3208 3425
3 784 800 1652
3 9617 2318 9553
3 186 378 9885
3 6796 5771 4508
3 5741 8564 5658
3 3798 7556 5424
3 2841 5573 8941
3 3438 2689 4598
3 867 1376 4634
3 6087 226 5825
3 9870 3712 6629
3 6814 6620 733
3 5848 7091 3536
3 1495 348 4143
3 2239 5611 2163
3 5952 769 7948
3 5594 8298 157
3 8694 1899 1209
3 2326 9770 1479
3 9941 4538 1615
3 2376 1638 3411
3 1292 5599 347
3 934 9846 2184
3 9882 89 3085
3 9754 545 3929
3 3947 3216 7502
3 7695 4981 3076
3 8638 2947 4428
3 7289 7065 4544
3 7902 3941 4529
3 1935 1646 3124
3 7907 7962 4842
3 1683 6417 1716
3 827 5804 5429
3 8525 1904 7664
3 9209 7110 4669
3 8934 6812 4628
3 757 2722 5481
3 3521 990 3424
3 1299 5064 9156
3 3807 8665 8842
3 977 7675 8268
3 7043 1184 2464
3 8584 9660 2087
3 771 3927 9356
3 163 5370 249
3 144 5104 1928
3 8015 3445 292
3 6405 6586 5345
3 3017 4894 6259
3 1130 7388 6770
3 2173 401 2560
3 2050 7177 8853
3 1138 2022 4553
3 2480 4833 7014
3 2057 9089 7223
3 930 6958 2011
3 1120 6307 8273
3 7744 2567 3313
3 2990 4163 199
3 6409 6973 8709
3 7096 2463 8776
3 6068 9140 316
3 8732 207 9785
3 6805 6497 6331
3 3115 1469 7274
3 894 5122 7553
3 304 1870 4882
3 7608 9670 1331
3 1488 5511 3580
3 9008 4918 7672
3 9901 9194 669
3 2621 9759 4196
3 6261 4394 7980
3 6132 8464 2835
3 2775 8316 3817
3 4678 1624 1172
3 8789 7233 6096
3 828 472 6520
3 5253 7400 8049
3 3381 3131 8759
3 1783 2951 4599
3 4630 4613 8166
3 7786 8793 219
3 2444 2406 3491
3 1404 5523 5246
3 8618 2289 1093
3 7684 4136 1627
3 3965 6831 1985
3 6227 1656 3300
3 4910 2417 7117
3 2068 6035 7309
3 8539 796 7903
3 217 2268 5736
3 845 6414 3262
3 6373 7510 3888
3 6517 3782 6953
3 3334 1480 893
3 8987 550 6432
3 2731 6023 4094
3 1814 8411 159
3 1867 9230 8633
3 133 2852 1665
3 3584 1221 279
3 4487 3783 1170
3 1836 9502 3442
3 9534 5972 2334
3 6180 7788 8716
3 7925 3401 5770
3 9535 7501 6529
3 3312 3744 2065
3 3721 4932 4088
3 5398 7969 2711
3 1208 8165 4479
3 5586 558 2554
3 2987 5917 5391
3 610 5966 1801
3 5577 9575 4193
3 218 2281 5313
3 5460 5426 5132
3 22 381 7898
3 3664 9844 7371
3 5702 1848 1781
3 8573 8640 2750
3 9948 3873 3862
3 3265 8084 9200
3 6739 5234 419
3 6356 899 3878
3 3884 6636 3539
3 9003 4818 5140
3 101 160 9603
3 1212 1127 651
3 1313 6595 7815
3 2730 7460 3097
3 5613 1774 6560
3 3324 1266 5621
3 1849 516 9744
3 6990 2016 9679
3 5189 6774 143
3 5800 3506 1192
3 2549 1271 4172
3 6697 2294 6671
3 6803 7275 2234
3 4746 3038 5598
3 8021 6581 1137
3 9134 1699 9013
3 5276 2781 4255
3 1653 2390 2754
3 1086 7686 753
3 7491 2793 3933
3 2136 5397 8996
3 3439 8773 5134
3 7121 3849 3281
3 2199 4217 4308
3 8994 417 2453
3 4312 7931 9877
3 7123 6064 5171
3 1898 4562 1461
3 8978 2105 9029
3 2946 2216 3578
3 1110 8382 5268
3 2570 185 906
3 6766 9181 2237
3 4558 7600 1669
3 6398 2911 6727
3 1978 123 4482
3 8108 5323 3402
3 94 9611 3355
3 5098 2402 1865
3 6851 6130 8756
3 7048 1951 9261
3 576 1058 8567
3 4840 3587 8472
3 1639 5831 7721
3 9927 7190 2235
3 6899 4156 6126
3 8806 2046 6600
3 4546 5019 6090
3 5077 7634 2205
3 7247 8572 9073
3 7616 2591 6590
3 7868 6524 6002
3 6993 5041 6063
3 8340 2582 6711
3 7665 4489 5505
3 2240 8129 8393
3 7899 6078 5903
3 9771 5812 1835
3 2466 4804 3078
3 4694 2333 7329
3 6472 5944 9338
3 7085 1754 9859
3 4197 896 6223
3 4325 1288 1132
3 6669 7805 9613
3 7127 3883 6304
3 8753 7693 473
3 5442 7418 8372
3 7273 3615 8734
3 7559 9692 4564
3 8355 5471 7315
3 1296 6323 2220
3 4578 4892 8440
3 9680 8642 7018
3 8952 3332 7849
3 6828 8201 1031
3 1986 4841 4623
3 6245 4914 9745
3 2422 3274 8388
3 5059 1806 1201
3 9260 9624 1891
3 6569 2335 6920
3 6744 8277 5237
3 8179 3547 9551
3 5834 6258 3125
3 2671 8965 9655
3 1618 9810 8654
3 2143 9985 9085
3 3824 2303 7490
3 5199 2047 1606
3 8727 3174 2442
3 8729 1514 9458
3 9251 1527 6294
3 8289 4501 675
3 6822 1032 4001
3 5373 982 6693
3 3880 5672 9711
3 3747 6852 1532
3 9149 3513 9958
3 8177 2712 6846
3 3099 4447 5401
3 8067 4407 4935
3 4144 4095 3316
3 225 5097 6962
3 858 7237 5175
3 7622 5400 4164
3 4775 7828 6612
3 459 8808 2264
3 4605 8897 6430
3 5641 30 5980
3 8918 9272 5043
3 9858 2328 5769
3 365 3570 4898
3 7761 7957 9002
3 9022 115 3407
3 2898 499 1118
3 5829 6494 6510
3 4245 1027 4328
3 5026 7150 3147
3 7565 7713 6118
3 83 414 4679
3 4249 8212 4176
3 1276 8821 8593
3 6210 9337 4398
3 9830 8206 6604
3 6104 1953 1250
3 1416 2432 3930
3 7252 7024 4713
3 4662 5346 8235
3 949 9065 2629
3 3449 6544 2358
3 9313 2019 2799
3 1194 5146 1549
3 7194 193 8981
3 3161 1586 6093
3 9157 293 937
3 3838 395 4747
3 568 7036 5895
3 2531 3581 554
3 9234 7951 7804
3 1650 2527 3902
3 2533 2232 4554
3 4311 649 8986
3 9526 1369 5161
3 3482 4155 6740
3 8675 4314 9496
3 6630 8456 3761
3 444 2751 3233
3 8229 1504 4246
3 3263 2824 3246
3 3806 16 4767
3 7236 4030 1452
3 7743 3748 3911
3 1793 4856 7963
3 23 9294 9488
3 7653 9543 6664
3 4653 4537 9333
3 6270 8498 3773
3 6952 868 5387
3 7532 3261 2668
3 7631 1084 2529
3 6746 2634 6244
3 1165 1286 9105
3 7994 3679 3146
3 20 579 1516
3 252 13 2472
3 5443 5850 5200
3 6225 413 7197
3 640 953 1979
3 467 7430 3431
3 305 6005 7132
3 1590 4826 9892
3 477 3743 5714
3 2002 6315 1270
3 8571 8903 1167
3 4047 1807 7813
3 7666 3123 7581
3 2669 9957 4723
3 2164 8097 9887
3 3509 7697 3515
3 3396 4855 4298
3 8398 7314 5881
3 2137 3903 153
3 2215 1377 3555
3 1502 2242 3504
3 9274 1080 1892
3 57 8629 726
3 6189 2929 4811
3 6563 6095 860
3 6479 3621 6357
3 9280 4031 5676
3 5950 7176 4922
3 4267 8256 76
3 4078 8950 5212
3 6674 6291 6452
3 346 6046 7826
3 5863 793 6922
3 8028 5731 7906
3 1778 3698 9524
3 343 739 740
3 393 7694 9635
3 402 842 4451
3 3841 4880 68
3 6699 9993 2388
3 5817 4097 1220
3 9678 9394 4750
3 9015 7959 2304
3 4488 8543 4099
3 8426 502 9475
3 1959 1009 5951
3 9595 6229 2683
3 3318 8737 7971
3 2101 2685 6034
3 3012 7632 4291
3 511 5125 7496
3 78 7859 3887
3 2169 1426 3665
3 6725 9651 4969
3 8576 8438 5128
3 4549 2307 8022
3 9223 6944 9540
3 5719 5882 4279
3 1043 34 5422
3 1869 4877 7960
3 4787 7803 5631
3 4689 802 31
3 9489 7423 8643
3 4567 6148 8663
3 6473 725 7557
3 613 9709 325
3 5558 5233 644
3 5959 848 7395
3 8804 168 5106
3 756 229 4173
3 9009 2950 1538
3 6311 615 6232
3 3951 7387 2144
3 7206 4399 840
3 8930 9047 9137
3 6353 5024 7742
3 2028 2608 4595
3 3021 8766 6332
3 2956 6328 2469
3 9578 3141 639
3 9564 9035 152
3 9838 7724 4434
3 6506 4116 602
3 3875 3052 9820
3 392 2596 8815
3 1536 335 6175
3 8486 1755 4688
3 7850 4400 2610
3 2859 5897 4596
3 40 3543 4504
3 9659 4982 9227
3 3789 1453 4339
3 7602 4248 462
3 6818 5066 9094
3 1688 7362 6127
3 6448 6972 801
3 7889 8900 2785
3 4069 7410 458
3 4798 2837 1371
3 5666 2149 2412
3 8859 8093 9215
3 3793 2903 1694
3 3344 6471 2059
3 5732 8435 5190
3 6809 2210 6925
3 4502 7094 1678
3 6450 956 4387
3 9075 2074 2741
3 7895 6137 1161
3 6463 6844 5181
3 5752 1649 2892
3 2207 2399 6565
3 9083 2595 9114
3 7800 24 3651
3 4777 8180 221
3 6887 1318 4994
3 7881 6352 6121
3 9855 8568 1279
3 1983 7320 4736
3 6302 9398 6197
3 9036 6963 8314
3 4783 885 7357
3 457 2694 6915
3 4839 3212 3347
3 2297 1519 8326
3 3822 2514 5628
3 1546 6824 8252
3 7461 7812 7554
3 5994 5245 4635
3 8919 37 2891
3 2033 3060 6960
3 9028 3370 6959
3 5082 9198 1961
3 7397 9413 9418
3 131 3926 9944
3 6576 3280 2772
3 5606 5751 4238
3 9600 4000 183
3 9716 456 7471
3 3311 8454 5168
3 2746 9187 431
3 9767 4801 1796
3 6964 7407 8822
3 97 4942 4221
3 6097 1843 7991
3 6698 4228 2953
3 2661 530 9768
3 2604 4858 3590
3 500 9269 7674
3 1939 1475 4358
3 6890 9201 1640
3 1259 1036 3972
3 2072 1330 8383
3 3956 372 4104
3 4796 270 86
3 4534 2949 5368
3 7663 1750 240
3 2632 5208 8353
3 439 5986 7457
3 1980 9332 8037
3 6761 9656 2578
3 2977 6003 234
3 4301 673 3657
3 5813 620 5191
3 6246 3939 9519
3 3031 7995 8401
3 8413 8215 2881
3 6351 8696 1744
3 8202 7729 3364
3 8139 8160 2762
3 1751 5482 7586
3 608 5536 6008
3 6492 825 7170
3 1768 7633 8137
3 2954 8336 4206
3 9935 7751 487
3 9920 889 2296
3 8031 1616 2786
3 70 1400 1381
3 465 1409 7614
3 4092 5872 136
3 2159 1535 8447
3 6275 1012 4419
3 3596 514 7500
3 9995 4958 6835
3 8977 5198 9584
4 5657 8864 4943 3330
4 6726 3105 9431 8089
4 1179 5496 6864 7078
4 9210 4052 6161 3235
4 9068 8133 9538 6280
4 5947 355 919 2713
4 4511 1199 9086 2025
4 541 4286 9486 8810
4 7727 8027 9633 3809
4 7384 1840 4046 2102
4 3127 8210 8876 4456
4 5362 5040 6713 2601
4 2337 1668 433 6051
4 4790 4215 204 9446
4 2062 9038 955 978
4 8222 5449 5240 4188
4 7509 6112 5277 2495
4 6022 3203 4742 7877
4 6719 708 5730 430
4 8143 3818 6903 2506
4 562 3517 2437 8517
4 5173 1411 1908 6263
4 3428 5721 5763 1181
4 7186 7555 8006 3563
4 6574 6705 1044 1062
4 6873 1569 2329 8828
4 2707 8801 2875 9836
4 5756 7970 8908 8667
4 6264 1047 7220 1593
4 6446 5584 4359 2367
4 4465 6160 8863 9721
4 3641 2983 5566 3894
4 6811 7975 7809 1106
4 313 9299 6478 1321
4 7964 5896 4659 2120
4 2278 5954 1100 9583
4 9573 5836 7425 7731
4 6637 5047 8632 6015
4 5164 5166 8264 5451
4 8562 9868 6596 1157
4 471 1761 4887 8711
4 6203 6659 4514 3991
4 6248 3724 1174 9699
4 3121 2924 0 9978
4 2467 7984 3226 6700
4 7116 3694 4708 2193
4 4467 9328 2672 6522
4 6834 5522 3371 5939
4 3749 849 6648 3681
4 5832 8263 9096 6942
4 5556 4208 8746 968
4 947 300 611 3004
4 8682 8519 3020 9987
4 9221 5865 4949 3412
4 3339 3985 4992 2702
4 6649 3322 6466 804
4 7966 6184 6553 3811
4 7956 4823 7596 4640
4 359 9173 9891 7924
4 9062 6243 2148 170
4 32 4907 5724 6017
4 711 3188 7876 9667
4 1507 1347 512 6421
4 1822 3136 5860 8196
4 9091 5531 9996 9459
4 9734 198 7689 2277
4 3564 9606 6681 4335
4 2134 39 7521 2024
4 4124 1952 7386 7013
4 7310 2191 3966 1090
4 2874 7454 3145 7424
4 4452 3704 8752 149
4 3914 1256 7010 5255
4 8845 396 4340 2198
4 2260 5380 7534 9549
4 6016 4766 9802 7221
4 9703 6202 9143 7770
4 1922 5908 1021 9752
4 6870 7426 678 635
4 8954 6340 7990 8425
4 4057 7592 8276 8153
4 9631 2398 3011 5157
4 3153 9043 6724 737
4 4953 9828 835 5085
4 4026 3582 3129 4016
4 6208 3299 9122 7480
4 5901 7917 7785 1382
4 3983 1930 3882 7230
4 9220 7175 7356 4202
4 210 7914 5467 5615
4 9456 1529 3075 9183
4 6076 4011 8325 8823
4 8861 6784 5856 9429
4 5336 6436 5776 8299
4 2375 3617 8150 2167
4 2907 7818 3559 45
4 1422 5355 6528 1512
4 6857 4639 4495 2129
4 7821 8889 6585 5551
4 4720 9072 8712 9192
4 6514 2401 9848 8898
4 8938 7683 8679 8043
4 4375 9879 8432 3595
4 4478 1584 9971 5178
4 5044 689 4412 2389
4 1440 9368 9684 4704
4 4904 3654 5489 7943
4 2400 8176 1886 8238
4 7074 5235 8376 489
4 4656 404 9468 7841
4 6365 2854 7003 4506
4 4771 6827 8648 8894
4 2806 2381 3498 6800
4 6366 362 3352 2462
4 1598 6380 4879 9976
4 4410 3558 5671 735
4 6794 3553 33 5633
4 9922 7432 8241 5869
4 534 2320 8715 7768
4 4089 6557 1609 9361
4 1339 909 7530 7374
4 3422 8019 3531 9726
4 1406 5020 5898 6361
4 5389 2565 4064 5920
4 1467 1595 2343 2006
4 4773 7662 147 146
4 2457 8333 1332 9561
4 358 4559 9016 5461
4 6673 622 3906 6733
4 2091 7382 5530 3718
4 4055 9650 1723 1471
4 9730 2461 5916 7610
4 7993 9896 7594 3244
4 4091 4926 4716 9222
4 9530 1704 6778 7512
4 9761 6326 5457 6289
4 7361 6306 960 5205
4 6628 7526 5517 898
4 4774 4442 3945 4857
4 4636 3980 2254 8423
4 5710 7090 1282 5371
4 4989 3912 4592 150
4 6849 9165 5474 4187
4 540 2241 7037 6490
4 7406 9748 6976 2783
4 834 4792 5418 7249
4 5094 5644 6676 2490
4 7475 3924 9523 1023
4 1874 9326 3760 7219
4 8684 6741 2887 9453
4 1718 7413 2999 6988
4 9238 151 9602 6155
4 2190 5058 7105 4933
4 8967 1260 7875 9988
4 6228 6111 9637 2081
4 1888 6984 2765 648
4 236 4611 6152 3297
4 290 7542 3839 1205
4 4725 589 3802 7733
4 1620 8032 3573 8597
4 2516 4814 6053 4066
4 1943 7659 4363 4661
4 4650 4703 6206 5086
4 1159 4496 5794 9852
4 8652 253 1884 1533
4 6703 7888 5487 3567
4 5815 4865 1837 8907
4 6685 3132 8342 3323
4 1056 9714 4381 9376
4 6350 3092 931 4692
4 8134 7884 4875 6932
4 1819 4170 8537 7419
4 9276 7777 2226 2020
4 3891 3808 2428 7286
4 2697 6531 307 5061
4 3932 2732 6443 8434
4 1825 4859 6256 1877
4 5879 5981 8258 6102
4 6157 6680 9241 4522
4 7752 5513 142 9864
4 3608 2848 9407 53
4 3973 3828 8035 124
4 9580 2811 6731 3029
4 900 4573 3677 7151
4 597 2590 4054 7983
4 178 7954 3480 8617
4 9414 1311 1642 9675
4 1876 3276 5824 1562
4 2872 1847 9588 2705
4 6133 8606 6721 2125
4 9121 3239 8578 8123
4 8161 4671 9382 1735
4 2484 8305 1129 6193
4 8650 87 8653 1445
4 211 28 9719 5035
4 5627 2127 7278 8468
4 9246 9135 6623 7734
4 2879 8609 9286 2836
4 8198 8044 3104 7149
4 4126 7558 9490 1464
4 7346 8293 7518 1393
4 5875 6149 2407 1632
4 5056 9776 8824 4997
4 7152 9471 8059 9214
4 480 289 5017 3258
4 6715 1015 3692 7764
4 3969 7375 1856 9799
4 844 1589 3674 4230
4 9092 8673 2007 642
4 7740 2649 3691 7692
4 4731 5007 4627 1994
4 1122 4604 1648 738
4 5649 2295 5013 1866
4 5271 9182 6583 6651
4 8714 297 7839 7318
4 6205 628 5151 656
4 556 139 164 2555
4 5118 9168 9499 3134
4 6364 926 8833 2538
4 2165 5563 2716 6526
4 1197 3050 9450 3895
4 5579 2309 7218 6645
4 5325 208 1765 8247
4 1827 3540 9390 2766
4 916 6540 6451 206
4 6656 7778 9895 6215
4 9984 2106 7499 7463
4 2185 1963 688 3527
4 1726 5705 5839 7204
4 6938 1570 5250 1487
4 529 1712 4946 1010
4 7130 7363 525 590
4 5503 1430 923 6036
4 7215 145 3746 6577
4 2368 7624 5899 5948
4 559 2600 9594 9161
4 7536 6856 17 5548
4 2488 4439 912 451
4 7870 6752 5574 6231
4 3892 1484 6266 5559
4 8874 3544 5547 1234
4 8956 5902 9741 4093
4 5462 9849 9599 9350
4 8466 9425 8081 8239
4 9197 3107 760 5998
4 4975 1361 4491 6052
4 3508 5823 846 4555
4 1224 8931 8516 5441
4 6370 174 9880 6396
4 5174 7319 5341 2804
4 8932 4565 6389 7823
4 3877 2877 4883 8637
4 3561 7617 56 2798
4 1073 1681 4663 4292
4 3362 3511 10 970
4 7759 1253 5941 8527
4 8895 4617 9769 7618
4 1542 1037 8328 2566
4 4786 6367 1923 2221
4 9464 6498 9908 1154
4 7118 1571 1833 3516
4 4532 8524 3736 1601
4 7880 4474 8750 9078
4 263 4668 3769 9014
4 915 520 4990 172
4 6483 1140 2937 3055
4 3028 1483 5785 8363
4 5203 3278 4469 9907
4 4607 4307 9359 2627
4 2927 8297 6965 3518
4 3728 8722 634 9597
4 7978 6146 137 5278
4 6320 2939 6012 1708
4 7696 3248 7678 1684
4 513 1720 4521 117
4 8670 3375 5803 7238
4 3885 6110 5446 2585
4 9718 4871 8929 6662
4 4043 5197 4527 7095
4 9265 3037 7255 7861
4 9746 85 3367 1116
4 283 836 1261 8453
4 6747 464 995 4524
4 5476 1821 8692 3022
4 9871 4038 6220 9695
4 7253 8172 1853 9961
4 3306 1912 8442 6444
4 8659 2912 5207 7178
4 5864 8707 7412 4200
4 5375 7443 884 4179
4 7155 1228 6058 6757
4 7567 9689 8183 2592
4 9250 3 1810 9843
4 3557 8132 1040 3905
4 2612 4079 8677 6192
4 4649 278 9507 5308
4 5728 9797 6410 3853
4 1061 7748 5553 9952
4 2573 4960 5170 1152
4 9569 4600 8683 3997
4 1673 7250 1508 7041
4 301 6419 3944 1526
4 631 2486 6226 432
4 3845 8940 8964 7436
4 6144 4367 9755 6605
4 2952 5155 5849 3087
4 8470 875 3001 7296
4 1636 8671 6384 1998
4 4870 2265 1378 1523
4 1889 8625 1429 2000
4 9566 6336 7603 6198
4 6742 3167 8204 6377
4 385 6309 3870 9271
4 5529 7824 55 7302
4 2245 5720 6616 6010
4 9419 767 8702 7524
4 1747 2089 6981 5610
4 791 5074 902 6296
4 8915 2055 2353 3120
4 5131 9397 4361 6627
4 2509 9341 4415 5378
4 3579 8487 3857 7103
4 5683 7699 9626 5758
4 5835 3791 1249 6273
4 6738 8990 730 3673
4 3473 5808 407 8548
4 5518 7972 8056 9853
4 6342 4717 5488 1117
4 4977 7210 1178 2043
4 8651 3978 3834 8168
4 2776 1975 7391 9550
4 296 1351 3137 4572
4 924 6956 264 4861
4 8040 197 8579 6578
4 7415 8607 9048 1948
4 8431 7677 8418 1476
4 4696 5236 3830 8866
4 3214 7647 1743 6028
4 5239 3308 6042 2809
4 1001 6297 2957 7344
4 1820 5028 3223 1564
4 5330 1344 8923 773
4 8529 1200 8163 7439
4 6994 750 60 4357
4 1976 3496 2575 8835
4 214 1717 3271 1505
4 2536 1740 4161 4706
4 7981 5244 9545 8501
4 8751 7911 1522 7057
4 4884 8003 5793 1587
4 1202 4557 3443 3750
4 2095 9629 9962 7934
4 1787 4867 4331 1965
4 6415 171 9365 9572
4 3379 9154 5991 3730
4 332 7119 7330 7489
4 709 6188 1510 7153
4 565 9511 8839 4727
4 67 645 3655 1883
4 6426 7629 9779 5332
4 5909 6666 9426 9974
4 5891 9585 8200 9806
4 8811 4222 9166 96
4 745 3062 257 9363
4 4951 9751 9968 8658
4 4137 9443 1714 1364
4 1336 103 3368 4351
4 2571 3089 8449 1800
4 9366 2009 877 8477
4 1372 2802 4711 9930
4 5962 4477 7671 9649
4 593 7613 6 8614
4 1359 7212 9546 3083
4 9111 4352 3356 4293
4 4151 8947 2647 6914
4 7920 8834 8199 6769
4 6638 2718 9325 2905
4 7050 3229 4582 2619
4 4516 8701 6316 5544
4 780 463 2112 8779
4 8047 8346 321 188
4 2572 6329 5492 1340
4 2535 5209 5149 9778
4 3745 1767 4965 6313
4 3899 251 5593 1996
4 6481 9252 522 4259
4 3618 7522 2941 9942
4 1231 1817 9123 797
4 1427 7466 1096 2162
4 9856 6985 8563 5733
4 2203 177 6363 9691
4 8348 4690 2351 8026
4 9921 3253 2817 5970
4 7726 8509 7209 3485
4 687 2364 1085 8253
4 7008 717 8036 1357
4 2282 8367 9283 8721
4 4902 6582 6602 9289
4 373 65 5854 1861
4 2920 5919 6842 4498
4 6300 3106 8697 1701
4 654 9340 6477 706
4 6123 2985 5622 4134
4 5609 6060 245 4837
4 6171 9528 7922 7026
4 8079 3950 7953 8167
4 9243 6580 1136 5845
4 9873 9374 2944 2305
4 1936 2313 2674 3632
4 1839 2123 333 446
4 2267 9514 1049 7700
4 5081 7445 1845 1509
4 4044 1383 1160 9722
4 9900 9320 7756 9124
4 3869 3583 6050 7316
4 8259 8849 8101 5665
4 4480 4390 8286 5600
4 1763 3451 5136 2213
4 9542 6989 7267 3002
4 6134 1552 5540 9784
4 6537 2243 2160 8616
4 4058 2023 6777 4284
4 7862 5366 8115 2814
4 2308 4150 2870 328
4 9713 8186 3526 8430
4 8187 3475 3376 3708
4 58 5359 4244 6147
4 4959 18 2994 2862
4 7079 9151 8267 3842
4 774 7643 8506 1711
4 6567 3257 3126 9732
4 7814 9605 11 7673
4 8626 2795 8865 8242
4 3757 9302 5324 8233
4 6038 9344 3913 3648
4 7851 7545 676 4551
4 8601 2628 3775 2300
4 7451 2085 3112 5156
4 9119 778 7944 7385
4 5172 2323 6927 5096
4 3155 4402 2642 8094
4 1433 5931 8138 6359
4 9966 6534 2544 2828
4 1591 8397 5686 6913
4 6882 2036 2340 403
4 5904 5729 8997 3593
4 8193 7464 9576 7166
4 2652 6547 9063 9275
4 1568 4076 7494 9747
4 6178 3542 3840 4490
4 2293 9106 4638 7703
4 3519 8644 586 1621
4 1946 6558 8736 3889
4 3196 5163 201 6611
4 8375 992 850 6571
4 7032 4619 8767 3781
4 8010 3672 6467 4139
4 859 4550 7308 2726
4 4657 2736 6957 9559
4 3844 9196 2342 3337
4 9263 4374 7725 3170
4 3072 2962 7088 6129
4 766 9235 1050 2982
4 5006 5777 4074 1895
4 5652 4320 1713 9946
4 4655 4561 1094 7083
4 7583 8250 2749 4102
4 4235 2481 3689 4995
4 4637 532 4475 7148
4 7359 213 9690 120
4 3142 5494 4912 8553
4 7579 4847 8116 4167
4 47 3686 8803 9539
4 3114 2759 594 2259
4 9866 3357 2045 7447
4 1955 1671 2456 8465
4 5625 1934 7231 8387
4 7145 5873 9917 62
4 9795 7326 723 954
4 8322 9532 1418 4940
4 4925 9 3437 8332
4 3566 7551 4112 8478
4 3228 9527 2060 1724
4 3309 9433 7715 7196
4 8608 7543 5383 8745
4 7305 4185 4131 7
4 2274 4135 6168 9525
4 3047 3096 1812 1450
4 5772 7516 5219 7648
4 5653 9129 818 6935
4 976 887 9305 2964
4 6381 1210 7961 8851
4 2080 9307 9568 8485
4 7201 6550 4322 9552
4 443 3792 1988 1851
4 2558 1353 3940 6252
4 7896 1214 2727 71
4 8063 3896 3042 4917
4 5101 1341 2686 1742
4 4702 7409 4874 727
4 2115 4430 49 3293
4 2141 1146 7313 1322
4 7104 3499 8338 7757
4 384 7927 6702 5773
4 3647 5046 5310 4141
4 5945 82 7595 4957
4 9965 8639 336 636
4 4685 7937 5214 4509
4 1233 9986 2228 7540
4 4579 7202 7825 4406
4 7198 2070 3463 1734
4 9019 6495 5295 4240
4 1101 4964 6107 1203
4 2064 1071 5713 4886
4 6240 6170 3607 63
4 5602 2008 5042 1013
4 7259 6677 6782 8612
4 3656 3024 1707 8152
4 7101 3795 7135 7136
4 2196 4405 7834 3765
4 684 371 4983 8058
4 9267 2475 3302 4808
4 8641 3678 7945 2922
4 2212 7290 2499 9295
4 110 1491 4961 6176
4 8814 8392 2548 5651
4 8585 714 9614 1830
4 2968 9256 281 4090
4 3484 2723 7950 4788
4 4194 5052 5048 7208
4 4473 5791 3272 2124
4 5211 3457 2728 1164
4 3149 5083 9128 5982
4 5526 7515 839 7577
4 1114 132 8636 7863
4 6756 7369 7819 3176
4 5001 7368 9894 1004
4 5592 9959 8837 683
4 666 4106 1081 962
4 5251 3825 7939 4670
4 5918 7525 9888 3420
4 8591 9818 876 1115
4 3715 6640 8320 1388
4 8775 8777 2935 2598
4 461 2246 2819 854
4 4036 3505 8911 8240
4 8287 3295 674 4147
4 2932 1385 8991 2459
4 7100 8854 4695 5989
4 44 3273 752 2331
4 2752 8284 5090 936
4 5570 8119 3942 8004
4 2222 2687 2117 7936
4 4863 948 2096 5616
4 6668 1561 453 6639
4 2061 370 9247 6613
4 9131 9765 1492 1556
4 3697 973 7792 4916
4 2545 5427 6762 9813
4 7108 4644 2843 8384
4 6823 6476 847 864
4 1524 3015 9383 6196
4 4574 4318 4631 2345
4 9483 8479 9618 3135
4 8189 5744 4100 1287
4 9529 4449 4233 3626
4 4848 1396 8689 2155
4 7549 3904 5886 1423
4 1729 9004 4041 1677
4 604 820 9213 9620
4 7796 398 9354 6839
4 9612 8603 4004 8733
4 6632 5515 7168 8452
4 7704 5905 8437 5363
4 998 2861 2395 1248
4 2584 8873 6655 7923
4 4386 6735 8407 5416
4 1737 9487 8754 7064
4 7710 7529 7569 59
4 3629 1756 5796 7262
4 6255 9906 5231 7444
4 2589 5583 2094 6312
4 6404 421 3987 8197
4 8148 5913 8785 6459
4 5357 5121 6584 2489