1628
2 5338 4581
2 5342 5153
2 5498 5406
2 5527 5466
2 5619 5539
2 5681 4987
2 5700 5682
2 5774 4520
2 6039 5912
2 6260 5014
2 6485 4705
2 6511 6508
2 6686 5227
2 6694 6549
2 6776 6554
2 7042 5820
2 7142 5257
2 7183 7005
2 7573 5778
2 7607 5949
2 7783 5697
2 7882 6631
2 7986 5859
2 8304 7822
2 8380 8012
2 8420 6163
2 8511 7921
2 8860 8816
2 8862 6792
2 9055 8318
2 9171 8796
2 9319 9239
2 9451 9321
2 9560 8344
2 9638 9164
2 9816 9712
2 25 9833
2 54 7222
2 180 27
2 238 8508
2 275 224
2 319 8098
2 412 9929
2 468 8757
2 526 8546
2 582 9150
2 659 9400
2 698 341
2 746 603
2 886 9336
2 921 452
2 1134 999
2 1302 658
2 1316 972
2 1612 1190
2 1777 1775
2 1873 1667
2 1878 1770
2 2038 2026
2 2153 668
2 2280 1149
2 2525 2385
2 2656 1824
2 2662 2138
2 2709 1191
2 2899 2664
2 2980 2928
2 3169 2546
2 3413 3156
2 3454 2645
2 3523 3154
2 3591 2961
2 3611 3382
2 3619 3286
2 3719 3416
2 3754 3696
2 3810 3705
2 3990 3963
2 4009 3854
2 4048 3994
2 4209 4060
2 4525 4236
2 4571 3803
2 4691 4283
2 4911 4793
2 5386 4821
2 5430 5100
2 5538 4019
2 5635 5549
2 5809 4453
2 5828 4830
2 5838 4843
2 6031 4851
2 6040 5640
2 6119 4893
2 6185 4923
2 6195 5281
2 6199 5900
2 6222 5693
2 6290 5010
2 6391 6334
2 6491 6283
2 6516 6509
2 6643 6454
2 6850 6592
2 6862 5926
2 6923 6519
2 7011 6772
2 7261 7000
2 7504 7488
2 7574 7071
2 7658 6961
2 7782 6393
2 7852 6799
2 7890 6533
2 8109 8034
2 8118 8000
2 8231 6848
2 8334 6859
2 8541 7985
2 9024 8554
2 9059 7129
2 9101 7102
2 9146 7523
2 9189 8085
2 9204 7281
2 9229 7688
2 9270 9042
2 9311 8001
2 9720 9297
2 9825 9554
2 9914 9411
2 9933 9861
2 9972 9044
2 182 81
2 406 9548
2 538 9577
2 682 428
2 803 61
2 866 795
2 903 9698
2 959 256
2 1171 507
2 1275 1006
2 1307 1166
2 1501 1326
2 1622 311
2 1634 1513
2 1703 574
2 1753 1696
2 1789 424
2 1932 1762
2 2252 833
2 2298 1804
2 2357 2310
2 2657 1984
2 2673 2583
2 2900 2393
2 3023 1917
2 3059 3053
2 3108 2447
2 3266 3205
2 3307 2231
2 3361 3268
2 3469 1177
2 3846 3534
2 4262 1937
2 4297 3690
2 4305 1749
2 4591 4440
2 4770 3993
2 4876 4427
2 4913 4588
2 5008 1226
2 5023 4966
2 5158 4980
2 5480 1283
2 5585 5260
2 5632 5472
2 5754 2110
2 5783 5262
2 5907 2532
2 6021 5910
2 6026 5377
2 6098 6075
2 6257 6237
2 6412 6293
2 6539 2271
2 6617 6551
2 6971 5382
2 7022 2827
2 7030 3635
2 7067 6998
2 7068 5938
2 7138 4333
2 7139 2272
2 7292 2602
2 7337 7248
2 7367 4098
2 7514 7453
2 7550 7404
2 7584 7533
2 7682 4063
2 7711 4845
2 7830 5304
2 7833 5533
2 7929 5617
2 8190 5213
2 8441 6265
2 8473 6428
2 8494 8159
2 8592 8555
2 8635 8556
2 8850 5727
2 8968 8924
2 9007 6545
2 9296 5870
2 9357 9301
2 9457 8868
2 9521 7017
2 9686 9498
2 9910 6607
2 9932 8500
2 121 7730
2 156 9823
2 230 7864
2 274 8045
2 482 478
2 781 729
2 908 6429
2 1496 1485
2 1517 8542
2 1625 1350
2 1695 8011
2 1728 1614
2 1972 8561
2 2098 2039
2 2485 8110
2 2512 8698
2 2520 1831
2 2771 9126
2 2808 8220
2 2812 8797
2 2974 9736
2 3493 8880
2 3685 3044
2 3716 192
2 3717 111
2 3727 209
2 4175 3189
2 4285 3777
2 4470 4232
2 4523 184
2 4724 118
2 4899 4699
2 5107 4376
2 5483 4952
2 5504 5067
2 5557 5279
2 5696 303
2 5747 1142
2 5906 2170
2 5983 596
2 5993 2206
2 6141 6128
2 6177 6156
2 6559 6308
2 6682 6614
2 6833 6411
2 6902 2556
2 6937 6720
2 7075 3082
2 7077 7045
2 7483 7187
2 7561 7086
2 7578 7098
2 7606 7590
2 7741 3476
2 8002 7847
2 8009 7942
2 8061 2769
2 8075 7856
2 8114 7883
2 8135 3879
2 8224 8038
2 8244 3530
2 8272 4577
2 8405 8361
2 8530 8462
2 9031 8975
2 9218 8417
2 9421 8961
2 9556 4890
2 9793 9436
2 69 9931
2 148 9264
2 194 179
2 195 9571
2 312 3984
2 435 7427
2 437 4891
2 483 4732
2 508 4972
2 605 6187
2 652 7639
2 917 821
2 987 901
2 1063 984
2 1305 1045
2 1329 1206
2 1554 1415
2 1610 7059
2 1654 1439
2 1731 7789
2 1897 1705
2 2166 8144
2 2425 2172
2 2427 6853
2 2500 2330
2 2503 8311
2 2803 8117
2 2884 9380
2 2996 2873
2 3058 9415
2 3144 8877
2 3225 1969
2 3227 9749
2 3267 2747
2 3466 621
2 3474 8786
2 3636 3620
2 3794 2934
2 3935 3799
2 4032 409
2 4103 1992
2 4224 4214
2 4237 872
2 4260 1534
2 4372 4356
2 4535 3866
2 4758 4651
2 4807 1918
2 4860 4822
2 4978 4323
2 5073 4435
2 5167 2825
2 5265 3756
2 5340 5045
2 5350 5210
2 5361 2883
2 5470 3819
2 5745 5508
2 5840 3008
2 5853 4810
2 5957 5643
2 6077 5883
2 6174 4220
2 6234 4273
2 6480 4369
2 6499 5187
2 6675 5979
2 6841 6654
2 6901 6678
2 7033 5885
2 7093 5266
2 7097 7069
2 7172 7165
2 7228 5399
2 7243 6254
2 7264 5413
2 7276 6420
2 7408 6242
2 7416 7393
2 7588 7547
2 7793 7736
2 8142 7938
2 8395 7915
2 8535 8507
2 8613 6647
2 8770 8728
2 8778 8570
2 8780 8758
2 8857 7636
2 8879 7340
2 9070 9011
2 9159 7627
2 9282 7832
2 9327 7706
2 9362 7820
2 9787 9775
2 9963 8725
2 173 9822
2 227 7712
2 258 9977
2 268 9609
2 318 7992
2 342 200
2 376 8136
2 741 491
2 794 662
2 811 4
2 983 9342
2 1029 8872
2 1074 388
2 1111 1046
2 1133 922
2 1553 9773
2 1987 405
2 2030 1135
2 2086 509
2 2311 1105
2 2373 280
2 2378 1335
2 2386 693
2 2405 1818
2 2508 2410
2 2541 782
2 2579 2324
2 2715 2676
2 2942 2498
2 3292 1611
2 3385 3199
2 3386 1323
2 3389 935
2 3394 2789
2 3827 3639
2 3922 2483
2 4254 3787
2 4371 4107
2 4425 4330
2 4461 1732
2 4632 4344
2 4675 4633
2 4734 4664
2 4979 2035
2 5177 5005
2 5327 5051
2 5356 3247
2 5699 4950
2 5844 2384
2 6158 5833
2 6371 5977
2 6434 6407
2 6500 4621
2 6635 3821
2 7092 6233
2 7251 6085
2 7322 6983
2 7399 7307
2 7667 5410
2 7753 5779
2 8164 7669
2 8374 7791
2 8410 7479
2 8491 8461
2 8523 5694
2 8731 8602
2 8791 7507
2 8985 8784
2 9148 8955
2 9186 9162
2 9557 9533
2 9632 9604
2 9644 9636
2 9701 7965
2 9717 9663
2 9724 8406
2 9742 8875
2 9807 8970
2 128 9102
2 203 189
2 349 9372
2 361 291
2 383 348
2 415 7807
2 441 8726
2 703 633
2 789 719
2 863 831
2 958 9999
2 1099 226
2 1180 1119
2 1188 1131
2 1196 8412
2 1235 347
2 1284 1230
2 1403 769
2 1494 1376
2 1661 1563
2 1685 800
2 1799 1679
2 1868 1788
2 1909 1700
2 1993 1479
2 2152 1615
2 2356 1949
2 2451 2318
2 2470 2201
2 2550 2382
2 3213 2435
2 3859 2586
2 3860 3812
2 3949 3327
2 4726 3917
3 4986 4518 2878
3 5148 4709 6843
3 5183 2344 3784
3 5294 3209 4211
3 5379 5343 4403
3 6253 4290 2012
3 6456 6279 6125
3 6457 5409 378
3 6692 2689 4996
3 6701 4693 5316
3 7140 5510 6748
3 7441 7365 7333
3 7541 4791 4939
3 7758 5611 7060
3 8080 7835 2577
3 8086 5771 7580
3 8103 7434 7459
3 8686 8064 3712
3 9205 6484 8493
3 9323 8321 7799
3 9737 9555 4906
3 9819 5958 7946
3 9876 9862 8282
3 108 7556 8771
3 186 8379 8309
3 616 6620 8347
3 784 425 6917
3 819 5573 9346
3 865 9314 8960
3 1227 9570 733
3 1495 643 7349
3 1574 9590 867
3 2163 1841 3208
3 2288 9158 862
3 2564 157 7091
3 2841 1809 9954
3 3006 316 2418
3 3178 728 1277
3 3186 287 1652
3 3438 3353 356
3 3536 3425 2805
3 3753 8564 2179
3 4143 3798 2563
3 4226 9582 1958
3 4598 4508 2239
3 5192 2227 1971
3 5206 618 4355
3 5254 691 4634
3 5329 9423 4337
3 5514 3541 4714
3 5534 5424 4468
3 5612 5550 4646
3 5663 199 5578
3 5725 4392 4789
3 5741 5718 241
3 6087 5848 5182
3 6541 3893 5060
3 6796 6629 5658
3 6814 6387 4149
3 6897 6301 5825
3 7019 4842 6213
3 7544 4948 6513
3 7546 3610 5952
3 7795 288 7640
3 7878 7216 6425
3 8141 6904 1331
3 8310 7229 2011
3 8409 7642 7087
3 8502 7163 7298
3 8645 1209 7948
3 8870 8273 8068
3 9172 8941 8740
3 9179 7962 3313
3 9329 9232 9225
3 9406 4553 8886
3 9553 9100 5429
3 9710 5804 8298
3 9863 6331 9647
3 9870 9617 8534
3 89 9152 9367
3 292 4882 163
3 757 7223 9885
3 827 9785 144
3 930 249 7274
3 1130 7553 771
3 1138 545 8776
3 1469 1120 894
3 1638 934 207
3 1683 669 304
3 1928 7014 1716
3 2057 1935 7134
3 2173 1904 1870
3 2480 2050 2022
3 2567 2087 3941
3 3017 401 1292
3 3115 2947 9491
3 3216 2184 977
3 3411 3076 2990
3 3521 651 2326
3 3580 2835 2463
3 3807 1646 3085
3 4529 3929 3424
3 4544 3124 2464
3 4628 1899 2560
3 4669 3445 2376
3 4981 3947 4833
3 5122 3927 1299
3 5594 4428 4163
3 6307 6259 8709
3 6405 5132 5345
3 6770 4894 4538
3 6958 6409 6068
3 7096 7043 1184
3 7289 7065 6805
3 7502 5599 6973
3 7664 3862 7177
3 7907 3539 7672
3 8268 6812 7608
3 8525 5064 7695
3 8638 5481 5511
3 8732 7902 990
3 8842 5370 6497
3 8934 7110 7744
3 9140 9089 8694
3 9156 7898 2065
3 9356 6417 8015
3 9670 9209 7371
3 9754 7980 6586
3 9846 7675 2722
3 9882 8665 5104
3 133 9860 8584
3 219 9660 9941
3 279 1221 8853
3 381 159 218
3 796 472 610
3 828 9200 217
3 845 2281 1208
3 1461 1093 893
3 1627 1172 7388
3 1665 3312 2750
3 1783 1170 9770
3 1814 1801 1404
3 1867 4479 2711
3 2068 1836 1624
3 2444 1127 2334
3 2621 1480 9534
3 2731 3584 2016
3 2775 1488 2987
3 2951 1656 3744
3 3262 4193 2406
3 3381 2417 2554
3 3442 5966 3334
3 3783 4088 3300
3 3817 2268 5586
3 3888 2289 3721
3 3965 4932 1985
3 4094 5398 3401
3 4136 3131 1781
3 4613 2852 5313
3 4818 4630 4487
3 4910 4678 3491
3 5246 4918 6180
3 6096 4599 5391
3 6227 7969 5253
3 6373 5972 5577
3 6432 7501 6132
3 6520 3873 5770
3 6953 6517 550
3 7117 5523 5917
3 7233 4394 6529
3 7684 7925 7309
3 7788 7400 6261
3 7903 417 5736
3 8166 3782 9575
3 8316 6595 9502
3 8464 4196 3578
3 8759 6035 8539
3 8793 5598 7786
3 8987 753 8618
3 9759 7510 9535
3 1086 1699 101
3 1192 5426 8633
3 1212 5234 8165
3 1313 6831 8789
3 1849 9008 8049
3 2136 419 9901
3 2237 2793 22
3 2549 8084 143
3 2730 5903 1653
3 2754 2390 2234
3 3038 5171 906
3 3265 8411 558
3 3439 2781 2453
3 3878 6414 3097
3 3884 6636 1137
3 3933 3281 6023
3 4172 8716 4255
3 4312 8773 3402
3 4746 4308 9844
3 5140 9230 5134
3 5460 9194 2199
3 5613 160 5268
3 5621 1848 3664
3 5800 899 6581
3 6560 1271 4217
3 6697 2294 6671
3 6739 1266 3324
3 7123 7121 6803
3 7275 1774 3849
3 7491 9029 5276
3 7815 2105 5397
3 8573 516 5702
3 8994 896 5189
3 8996 9744 6064
3 9003 2216 8021
3 9134 2591 9261
3 9603 1754 9013
3 9948 3506 7931
3 94 4564 9679
3 576 2911 7686
3 1132 2582 1288
3 1898 9877 4489
3 1978 5323 6063
3 2046 3615 1110
3 2205 3883 1639
3 2220 2333 6356
3 2240 1835 473
3 2466 5041 3587
3 3274 1669 6990
3 4325 3355 1865
3 4482 123 4197
3 4546 5812 2946
3 4694 4156 7460
3 5442 6304 6711
3 5471 8640 4804
3 5831 2335 5098
3 6090 6223 5019
3 6126 185 5077
3 6398 6774 6078
3 6472 5944 4558
3 6590 1058 6323
3 6669 6600 2570
3 7048 1951 5505
3 7085 7329 6002
3 7127 7805 6727
3 7247 7190 4562
3 7273 6766 2235
3 7315 6993 6851
3 7721 3547 3078
3 7868 8734 6524
3 7899 7849 6899
3 8340 9338 7616
3 8393 8572 8129
3 8472 3147 1806
3 8806 8753 7693
3 8978 6130 9613
3 9073 6118 7665
3 9927 30 7634
3 365 3570 4840
3 459 225 115
3 499 7600 9745
3 1606 6846 9771
3 1618 2402 8756
3 2143 8382 9859
3 2422 9985 8388
3 2712 8567 8372
3 3099 6604 1027
3 3407 2671 8108
3 3513 9181 5400
3 3747 8593 4407
3 3880 9611 2328
3 4898 4447 9624
3 4935 1296 3824
3 5059 1986 9272
3 5175 1201 4605
3 5641 7418 4164
3 5769 4841 858
3 5834 675 4775
3 6093 8235 5980
3 6494 1891 4144
3 6510 2442 7828
3 6569 1452 3125
3 6693 4892 6430
3 6828 6822 6744
3 6852 4001 4095
3 7150 6962 5043
3 7622 8808 7957
3 7761 1532 982
3 8067 6920 3316
3 8177 7237 5199
3 8289 4914 5097
3 8654 4623 4713
3 8918 1032 8179
3 9085 4578 8729
3 9260 6612 2264
3 9858 9655 5373
3 16 1514 8201
3 23 2047 9002
3 444 1031 8727
3 554 6245 9022
3 568 5237 9711
3 1084 8355 8897
3 1286 8965 5672
3 1516 4328 1250
3 1650 1276 1194
3 1793 1118 8981
3 2533 83 9149
3 2751 7559 4501
3 2824 9958 3174
3 3146 937 2529
3 3161 949 2668
3 3261 8642 1504
3 3263 8277 8952
3 3431 3911 1527
3 3504 9551 2303
3 3748 7018 2634
3 3773 7490 2799
3 3806 5401 9251
3 4030 3902 2531
3 4662 4314 4311
3 4856 4537 1416
3 5387 2232 868
3 5714 6664 3332
3 5895 3761 9810
3 6104 3838 7963
3 6270 9488 4176
3 6630 9496 6258
3 6740 3482 4653
3 7194 4249 3930
3 7236 3233 8440
3 7653 2432 7197
3 7743 2358 4398
3 7804 5346 9680
3 7813 1953 9333
3 8229 4245 649
3 8986 6210 8498
3 9105 1549 4747
3 9157 8456 7565
3 9294 3246 6294
3 9313 7252 6244
3 9526 5026 414
3 20 8821 3449
3 57 4246 9692
3 76 9065 1369
3 305 9234 9543
3 346 2019 9458
3 467 153 4554
3 477 252 13
3 860 413 5200
3 1590 579 8675
3 2002 1270 193
3 2164 640 4767
3 2215 8206 293
3 2304 1892 3581
3 2929 1586 740
3 3621 4679 1502
3 3665 2629 9635
3 4267 9524 2137
3 4451 3396 7024
3 4723 2669 2898
3 4750 9337 4922
3 5212 1167 395
3 5731 4047 4279
3 5863 4173 6544
3 5950 3555 3509
3 6189 8212 5951
3 6291 953 2527
3 6357 5850 3698
3 6563 5161 4155
3 6674 4826 726
3 6922 6452 5829
3 7176 3903 7036
3 7430 4811 1377
3 7496 7132 4298
3 7666 5443 6479
3 7826 3123 6095
3 8571 5881 8398
3 8629 3515 6046
3 9274 4969 5146
3 9280 4880 7713
3 78 6225 9830
3 229 4855 34
3 402 7581 6005
3 613 325 1165
3 615 343 9887
3 793 7532 7951
3 2388 1220 4078
3 2683 848 7906
3 2950 393 68
3 4031 7314 6746
3 4099 6952 2169
3 4567 152 9475
3 4689 2101 1869
3 4787 511 1080
3 5190 8097 1043
3 5422 502 3743
3 5558 639 6315
3 5676 8903 1979
3 5719 842 9892
3 5882 2307 9957
3 6473 4488 3679
3 7395 3318 2685
3 7423 1778 7697
3 7803 7631 2472
3 7971 4291 1959
3 8256 739 6034
3 8643 7694 1807
3 8950 7994 7960
3 9223 8804 5959
3 9227 4097 5817
3 9489 3012 5631
3 9678 7742 3841
3 31 840 6229
3 40 6328 8022
3 168 5125 4688
3 392 9595 644
3 725 7557 1009
3 1161 801 5128
3 1678 9015 8426
3 1688 462 5106
3 2028 221 9540
3 2059 1453 4549
3 2412 8543 2242
3 2469 7632 1426
3 2837 2741 1371
3 2892 7959 6725
3 3347 2956 6699
3 3651 2785 2210
3 4069 3875 2144
3 4339 3789 8438
3 4982 2149 3887
3 4994 2610 2859
3 5181 9394 8028
3 5233 9993 5066
3 6175 4116 4736
3 6332 6311 5024
3 6448 2608 4504
3 6506 5628 2903
3 6818 6353 9651
3 7206 6148 6127
3 8663 335 8576
3 9114 7602 3141
3 9215 7078 6944
3 9659 7094 7850
3 457 9564 4399
3 458 9047 8766
3 487 9137 6232
3 602 9094 8353
3 756 6471 802
3 956 8930 4877
3 1694 86 3052
3 2297 3021 2596
3 2881 37 1546
3 2891 2207 9820
3 3060 7889 3951
3 3344 24 4596
3 4358 4248 1536
3 4400 8093 6925
3 4777 9838 1538
3 5666 4387 183
3 5732 4502 4238
3 6963 1318 8486
3 7357 1649 9709
3 7410 6915 6197
3 7461 2399 1279
3 7554 5752 3793
3 7674 6302 3543
3 7724 9035 3822
3 7812 6352 5994
3 7895 4839 2953
3 8859 4783 9578
3 8900 1961 7362
3 9083 7586 8737
3 885 7387 7859
3 1259 6809 6450
3 1475 673 8815
3 1519 2595 136
3 1744 6463 6959
3 1796 8568 4635
3 1939 439 1983
3 1980 97 2074
3 2632 6121 1755
3 2713 8435 9036
3 2772 4104 7881
3 2977 456 5897
3 3212 2102 2762
3 3590 430 978
3 3956 1750 8314
3 4301 2604 8037
3 4796 7800 4221
3 5191 2193 5168
3 5245 2072 4434
3 5482 8326 2661
3 6003 1062 1036
3 6698 500 3280
3 6761 2786 2514
3 6824 8252 4595
3 6890 9075 6835
3 7170 6887 7320
3 7407 4534 2949
3 7663 6097 6972
3 7991 6137 7457
3 8447 8137 6844
3 8454 8401 7614
3 8822 431 3364
3 9187 9086 9413
3 9431 3939 9009
3 9538 9446 2694
3 9584 6964 4942
3 9656 6008 5986
3 9944 3926 131
3 240 8383 6565
3 968 608 270
3 1012 5208 919
3 1400 889 5082
3 1409 9699 4798
3 1843 3311 4046
3 2033 1640 1330
3 2159 4000 2746
3 2437 5751 3370
3 2954 7995 530
3 3235 7729 8180
3 3657 9716 2601
3 3972 8215 1321
3 4206 3330 7397
3 4801 6576 234
3 5157 955 4092
3 5198 1751 465
3 5368 5606 3809
3 5730 3596 2329
3 6263 7924 6161
3 6275 4958 4943
3 6280 2120 9398
3 8006 9201 4228
3 8810 6864 3105
3 8919 8031 4359
3 9418 204 9332
3 9935 5496 3004
3 514 9600 9198
4 708 541 9486 9269
4 825 8089 9920 6960
4 2062 7555 9767 9855
4 3226 3127 9028 620
4 3517 2337 1616 6713
4 3563 355 6492 8139
4 4419 1593 8876 7471
4 4456 8864 2578 2367
4 5536 4286 2025 5173
4 5763 1181 1381 2296
4 5813 3681 5449 1535
4 6022 3203 4742 7877
4 7384 3894 70 9768
4 7509 6112 8667 1179
4 7521 1106 4790 6351
4 8210 5947 4188 6246
4 9721 8222 4511 2506
4 1174 8696 6478 9995
4 1199 849 8336 5872
4 1908 1047 471 1668
4 3724 5362 2983 4858
4 4335 5860 1157 2702
4 4659 8160 9519 8202
4 4708 4340 3412 1411
4 4949 6017 7727 4052
4 5166 5164 3031 433
4 6248 4465 4215 6719
4 6596 6015 3818 5040
4 6659 6203 2024 6522
4 6726 2875 7500 8828
4 7386 6942 2278 4992
4 7964 6264 5836 7633
4 8133 8801 562 3641
4 8517 5721 2495 5657
4 8752 5584 9328 9836
4 9299 7424 1840 8264
4 9978 2198 6903 8143
4 9996 6160 9987 8908
4 170 9583 4514 372
4 300 5240 3121 5047
4 711 6811 45 7751
4 1822 9573 2467 7984
4 2167 8027 3020 8977
4 3011 1100 8632 6446
4 3322 1256 9210 9633
4 3811 678 3136 1768
4 4640 313 5566 6051
4 4887 1382 0 8711
4 6421 1761 8562 2672
4 6705 6574 2148 1044
4 7220 947 2343 2707
4 7221 5451 2924 1347
4 7731 4124 7425 1507
4 7970 5756 4704 6637
4 8238 149 804 611
4 9606 3564 6681 5615
4 39 7010 5556 3694
4 198 9062 6184 1569
4 396 4016 9459 9038
4 635 9173 359 5954
4 1090 8519 7186 3991
4 2191 835 2134 9868
4 3153 6724 8276 9891
4 3371 7809 7975 5277
4 3966 3749 6873 5939
4 4057 1886 7480 6700
4 4467 4208 512 6553
4 4823 7956 9734 8863
4 4907 4202 9183 8413
4 5380 3914 5531 3075
4 5461 9667 7689 3352
4 5865 3299 7876 3188
4 5920 7596 4026 3129
4 6834 5522 9068 6648
4 8299 7175 9221 2260
4 8325 5724 6243 32
4 8746 7116 6466 3985
4 9222 6340 5896 5832
4 1609 9971 8425 6202
4 2381 8712 9828 4953
4 2874 7013 3339 3428
4 3244 2398 8679 8263
4 3323 2401 150 9122
4 3582 2462 1922 5085
4 3617 7770 3559 8845
4 4452 6016 5467 2129
4 5178 1021 2389 9752
4 5457 8823 9631 7966
4 6514 3718 5551 8196
4 7230 3145 3983 1952
4 7426 6778 4766 9429
4 7530 4720 909 5908
4 7943 689 9703 5901
4 8153 7310 146 2277
4 8898 8954 8682 9091
4 8938 6870 9802 7990
4 9361 8376 489 4639
4 9684 9561 5489 3595
4 9726 7534 7917 6649
4 358 8889 8043 6585
4 960 5633 6208 9549
4 1332 9043 4478 1529
4 1339 6490 7454 404
4 1598 9192 9072 9096
4 2375 7249 5086 4375
4 4879 3760 147 5255
4 5355 1422 6528 1512
4 5530 2081 8019 9143
4 6289 3567 8648 1406
4 6794 2320 33 8150
4 6800 6076 4011 4773
4 7037 9879 2907 6673
4 7356 1467 7768 3906
4 8861 6784 5856 7419
4 9220 1471 1723 210
4 9453 3422 3704 3882
4 9988 6436 5336 7821
4 362 6366 6857 4412
4 648 2006 737 7592
4 1023 7914 540 1930
4 2565 2806 4495 4064
4 3802 8241 9922 5869
4 3912 9456 5389 2887
4 4187 5898 5776 534
4 4716 1837 6361 1533
4 4771 3531 3498 2457
4 5020 1595 1584 4089
4 5235 4363 4656 9468
4 5517 2400 898 7683
4 5671 3924 2020 1440
4 6733 8597 8432 9848
4 7003 2854 7733 4904
4 7090 2765 5205 1282
4 7841 7432 622 8715
4 9376 4381 1445 6557
4 142 9523 2241 4506
4 1562 4066 4410 9650
4 3980 6849 2254 1888
4 4442 7594 4875 9896
4 4774 7074 9016 7818
4 4857 8333 3654 6365
4 4865 9976 6380 3839
4 5418 4997 3558 4692
4 6676 2490 6651 7374
4 7361 4592 735 4926
4 9165 4611 5035 3945
4 9730 5916 2461 8894
4 9748 7406 6976 8907
4 9864 4091 4559 3553
4 834 4725 8123 7993
4 1718 53 6988 7662
4 1874 9326 7219 8032
4 1994 6628 6155 7526
4 2732 9799 6326 3297
4 3895 124 290 4055
4 4054 4989 9602 6827
4 4573 4661 7542 5474
4 4792 6306 9368 2705
4 6152 6053 1205 5044
4 6206 1632 2091 7382
4 7105 9761 4933 7777
4 7875 1260 8967 3573
4 8342 5981 5371 7413
4 8434 7512 9714 7734
4 9238 1877 6984 5644
4 206 178 6741 6111
4 931 6531 3092 5710
4 1056 28 9530 1884
4 1159 4496 5794 4636
4 1311 9675 8423 6932
4 1856 8258 8176 2783
4 1943 900 151 5094
4 2538 5061 3132 253
4 2872 2999 9241 8035
4 3973 3527 6228 9407
4 4671 1464 2190 3808
4 5487 1620 1866 7286
4 5815 4170 9637 1642
4 5824 5559 4650 307
4 6256 4859 597 1393
4 9382 1876 589 5058
4 9580 9414 8468 590
4 1010 7954 3480 7610
4 1015 6036 7764 289
4 2125 8134 8606 3239
4 3828 5513 4703 7659
4 5879 8652 1704 7884
4 6149 8537 2309 1819
4 6157 3932 6443 2428
4 6623 9276 9499 7888
4 7204 2879 2811 656
4 7983 3276 6685 2516
4 8653 7278 8617 642
4 9588 8578 3891 2697
4 1589 480 3677 236
4 2484 9286 1129 6193
4 2649 87 1847 7785
4 2804 6102 2836 4126
4 3258 9135 6215 5875
4 4230 7151 3692 6731
4 5007 1648 4522 6680
4 5017 7152 3029 9471
4 6052 4491 2848 3691
4 7499 211 8609 4814
4 8650 5574 2007 1735
4 8824 7558 9776 5056
4 8833 2127 8044 8247
4 9182 2407 7375 9852
4 9214 4990 8059 8305
4 556 7692 7318 5627
4 844 688 9490 2226
4 912 525 451 1825
4 1430 9450 3674 923
4 1570 8198 6703 5013
4 2716 9121 2106 1827
4 2766 1197 9390 2590
4 4731 3104 2295 8684
4 5563 1765 1601 3134
4 6364 5649 926 9719
4 6540 9594 9246 7475
4 6583 145 8293 7518
4 6752 6715 6350 5325
4 7218 5118 5579 8161
4 9741 3969 8673 7752
4 56 5899 5271 297
4 529 4627 1234 3608
4 760 9092 8714 4093
4 846 8931 4555 117
4 2185 9350 6526 2165
4 2368 7624 5948 7149
4 2600 164 139 2555
4 5378 6266 6645 9168
4 5441 1361 208 6451
4 5503 4668 6396 2221
4 5548 3055 8239 5341
4 5839 1726 628 1963
4 5998 3050 7740 7839
4 6656 7778 3746 9161
4 7215 172 6133 6721
4 8527 5941 5250 1487
4 9984 7130 5547 9895
4 1154 6220 6231 3769
4 1571 7041 1122 4604
4 1684 6205 6577 7346
4 2592 970 1833 916
4 2937 5705 174 5446
4 2939 2488 9961 3540
4 4361 3362 10 17
4 4786 3892 1484 2798
4 5785 6938 3511 9769
4 9197 9425 1712 8081
4 9599 8874 5902 6389
4 1378 559 738 8516
4 1681 1073 4663 6605
4 2585 520 7678 7463
4 3518 3107 9849 4946
4 3728 3375 8328 5462
4 3877 2877 4975 4292
4 4307 4871 9907 3516
4 4565 1116 2627 8363
4 5197 3853 5151 9359
4 5803 8637 8466 7238
4 5849 3736 9014 3561
4 6370 4038 5823 5174
4 9908 6498 634 6856
4 836 6444 1261 6965
4 884 7759 3037 7363
4 1587 7823 3248 7536
4 1720 513 4521 8929
4 1853 6110 3885 1224
4 2912 8956 7861 7255
4 4469 3278 995 9464
4 5170 2927 9880 1140
4 5207 8932 7617 1542
4 6010 4883 6320 4527
4 6012 9695 7296 1708
4 6146 7978 5278 137
4 6483 85 8750 1923
4 7095 7603 915 9597
4 8297 7870 464 3022
4 8453 8670 3508 7696
4 278 4532 1483 3028
4 283 1821 4474 4439
4 2353 1040 4607 7178
4 3857 2000 6367 1152
4 5476 3944 6578 1526
4 6028 7618 5203 4179
4 6747 7412 6296 3544
4 7253 3 6198 8172
4 9871 9078 8895 4617
4 2089 6662 4043 1429
4 3137 9746 8204 4524
4 3557 9507 5308 1037
4 3905 9843 7880 2612
4 5375 7443 7118 6757
4 5610 2486 4706 8964
4 7155 3271 1228 6058
4 8183 8707 5864 1948
4 197 9265 3367 1117
4 1061 9048 5553 6192
4 1178 4649 2055 730
4 1200 4200 773 7302
4 1636 8671 1508 875
4 1714 1673 1998 8722
4 2573 7436 6309 3001
4 2952 96 631 432
4 3830 6377 7319 2566
4 3845 385 264 4861
4 6144 5074 902 6384
4 6627 5720 8692 1889
4 7250 9572 9689 8524
4 7524 6410 7748 1912
4 8548 7824 6981 263
4 8625 9718 4870 8442
4 9566 767 3223 8702
4 9569 4600 8683 3997
4 2509 407 8418 7103
4 3120 2809 6042 9755
4 3579 8487 5728 9797
4 4415 6226 4960 8677
4 4572 8659 3870 3673
4 5758 791 4079 6336
4 6738 9271 7567 3791
4 7210 2043 6273 1476
4 7972 9250 5808 1810
4 9550 1522 8940 9952
4 924 8915 3087 5155
4 1351 6419 301 3167
4 1364 5028 8132 9626
4 5332 3750 1564 5683
4 6342 5488 1523 3306
4 7391 5529 7647 1743
4 7677 9341 8579 5131
4 8040 4711 1249 797
4 8651 8168 3834 3978
4 750 1965 2265 1883
4 5149 1820 9853 1717
4 5236 8866 5991 296
4 6914 1001 9962 5835
4 6956 9397 8470 8658
4 8163 4557 7439 4367
4 8501 4222 1740 1253
4 8779 3062 9545 8431
4 9511 4727 5518 4696
4 171 5330 188 6742
4 214 4867 3473 8607
4 332 6616 6666 9166
4 1340 5239 6769 3308
4 3496 1976 2575 7699
4 4293 1510 5244 8529
4 4357 60 8990 6188
4 4884 2957 8923 55
4 7489 6415 8835 4717
4 7911 7057 8056 3730
4 8947 2095 9968 321
4 9806 6 7415 4134
4 5891 9585 3214 2162
4 6477 8200 7153 4977
4 6994 3443 9325 5733
4 8199 2112 2647 2245
4 9154 3089 645 8449
4 103 3368 9629 9930
4 522 4259 4477 2776
4 745 2905 257 5909
4 1336 1861 9974 9426
4 2802 7344 7934 7613
4 4137 8751 8003 2536
4 6316 8811 9363 6297
4 7209 4351 1800 1701
4 8839 7629 3485 5793
4 9779 565 7330 1372
4 1357 780 1344 9546
4 2994 6426 67 3655
4 3002 1359 251 1202
4 3229 9751 4951 1747
4 6313 2572 709 9419
4 6582 8477 2009 7981
4 7920 4516 8253 5492
4 8346 1096 877 9443
4 8697 9123 6602 4582
4 8721 593 8614 5970
4 9111 7671 4331 1787
4 1427 1817 4352 8047
4 2674 9366 1505 2571
4 2718 2619 7119 7050
4 6989 4690 2941 4965
4 8701 6329 5544 4151
4 9340 5600 3253 7026
4 687 9691 1085 2364
4 3618 9649 3379 8834
4 3745 1767 9856 1996
4 4498 2203 2944 4161
4 5854 65 463 3356
4 7466 1231 7008 2351
4 9289 2282 8367 7922
4 9784 5919 6842 5962
4 333 6638 177 1975
4 1509 1845 7212 9778
4 5136 9722 6481 9365
4 6123 2985 5622 2817
4 6359 6777 4551 6363
4 245 7700 3950 7953
4 1136 7726 2920 2535
4 2267 1552 7385 3632
4 2313 1936 4284 7267
4 3583 6050 9921 5593
4 4837 6300 8563 1049
4 5540 3126 5209 9732
4 9243 8036 8079 717
4 446 5096 3106 8509
4 3842 7944 9873 8026
4 7445 5845 6171 9942
4 7703 9514 8348 373
4 8849 8259 8101 3526
4 58 5359 5609 5665
4 2213 1711 3899 3083
4 2308 4480 8286 2036
4 2814 8115 4902 9283
4 4044 3708 1383 2123
4 8187 4959 5324 6580
4 9713 6147 8167 9374
4 9900 9320 7756 9124
4 1763 8233 5081 7166
4 2795 8865 8242 3869
4 3475 8616 4390 3376
4 4058 8267 3112 706
4 6134 328 1839 7079
4 6537 2243 2160 9151
4 7814 9605 11 7673
4 9542 8997 4150 3593
4 6038 2862 8430 9252
4 6571 3781 8186 2870
4 7643 774 3840 7522
4 201 7862 403 676
4 1433 6567 5931 654
4 3648 4550 5156 8506
4 3757 9559 6927 2323
4 4912 3257 6913 9528
4 6558 7545 3889 3451
4 9747 18 9302 7316
4 2544 6534 5729 9275
4 4402 3155 2642 8094
4 8644 586 7494 2023
4 1418 3689 8626 5366
4 1724 1591 4995 6985
4 2342 8601 2628 9966
4 6547 7851 2828 778
4 7725 5904 5686 3170
4 8010 3672 6467 4139
4 8193 8138 3542 1160
4 213 6882 9344 3913
4 3196 954 4076 2305
4 3519 1946 9576 7464
4 7648 6611 7196 2652
4 8332 5172 7451 6060
4 1050 8736 2085 9063
4 3357 2736 2045 2340
4 4112 7308 8478 8375
4 4847 2726 9119 7032
4 7447 8767 2982 8397
4 9917 9235 4244 5163
4 2481 723 5777 992
4 3844 9196 727 7148
4 4074 1895 62 1621
4 9525 2293 9106 4638
4 9 7715 532 2060
4 1094 4374 4490 2962
4 1934 850 7083 859
4 4655 8803 3686 3337
4 7583 8250 2749 120
4 9690 9946 1713 4320
4 2456 7231 7088 3775
4 8851 4637 4561 4102
4 47 4235 9539 4475
4 3437 4167 3142 5494
4 4185 4131 7 9532
4 5383 2259 4619 8387
4 7579 8465 4657 6957
4 7145 1812 5873 1742
4 7551 1322 5006 766
4 4240 1671 1450 2686
4 636 3293 5652 4925
4 1353 9866 3072 2300
4 3228 9527 9433 1851
4 4322 6550 9552 1568
4 2228 3309 3114 2759
4 3607 5310 4940 8322
4 3940 6252 7326 9795
4 82 2274 2964 6178
4 3047 1210 9263 9129
4 5295 3096 1203 8608
4 6107 1955 3042 3896
4 7595 7543 887 8745
4 4509 7305 6935 594
4 2080 8612 5713 8485
4 3499 818 7136 6168
4 4788 443 1988 3792
4 4917 5772 7516 2558
4 7540 7961 5046 4141
4 8063 2922 8338 8553
4 1214 7896 2727 71
4 2115 49 6702 8116
4 4702 7409 7757 4874
4 5101 8639 4135 7359
4 5773 336 1341 5219
4 2141 4964 6381 5214
4 3647 6495 384 9568
4 7104 2070 3463 9307
4 4579 7202 1146 9305
4 4685 2124 7313 4957
4 1115 6677 6176 7927
4 7198 5945 1734 7937
4 1013 5042 7201 7825
4 3024 3795 7135 1233
4 5048 1071 2008 4886
4 7945 5653 976 9986
4 7259 4916 4961 5625
4 9894 1004 5651 4430
4 63 6170 6782 6129
4 2499 9295 3272 2548
4 9267 8641 2475 3566
4 371 9965 8058 4983
4 3457 7834 4405 281
4 8392 4808 1101 3302
4 8991 7208 8636 1164
4 752 110 4090 1491
4 962 2196 4406 684
4 2723 7950 3678 2064
4 8814 8837 3656 9256
4 2968 936 2212 7290
4 8585 714 9614 1830
4 4194 876 8152 1707
4 8320 7369 6240 132
4 9128 5083 3149 5982
4 5526 7515 839 7577
4 1388 7819 3176 2459
4 5592 683 864 5602
4 7525 8240 5211 3484
4 9818 8689 5791 7863
4 5251 3825 7939 4670
4 6756 8384 1081 7368
4 3420 4106 1114 9019
4 9813 6762 2598 666
4 5616 6613 1385 948
4 6640 3715 5918 5052
4 8287 2932 2728 2096
4 461 2246 2819 854
4 4036 3505 674 8911
4 2117 8775 8777 3765
4 7100 8854 4695 5989
4 2752 9959 5090 3295
4 5570 8119 8004 3942
4 2222 2843 8284 2331
4 4644 2687 3273 7936
4 6668 44 8591 2935
4 370 4631 2345 4473
4 9131 9765 1492 1556
4 1396 2155 453 4863
4 3697 973 6639 5001
4 9383 2545 6196 3015
4 1287 6476 847 9888
4 4100 4041 4147 7101
4 9483 3135 2061 9618
4 4318 4574 4004 5416
4 9529 4233 3626 6823
4 8603 5744 4449 7792
4 1248 7108 5427 1677
4 7549 3904 5886 1423
4 820 9213 604 9620
4 1729 9004 8479 1524
4 8407 8733 9247 4848
4 7796 9354 6839 1561
4 5515 6632 7168 8452
4 7704 5905 8437 5363
4 2861 2489 398 7262
4 2584 8873 6655 7923
4 4386 6735 2395 9612
4 5796 1756 998 8189
4 1737 9487 8754 7064
4 7710 7529 7569 59
4 6255 9906 5231 7444
4 2589 5583 2094 6312
4 6404 421 3987 8197
4 8148 5913 8785 6459
4 5357 5121 6584 3629