0.65 711578680
0.6505 711350455
0.651 711557128
0.6515 711672766
0.652 711386847
0.6525 711748599
0.653 711624363
0.6535 711595723
0.654 711624712
0.6545 711861888
0.655 711658628
0.6555 711613704
0.656 711465062
0.6565 711705518
0.657 711731800
0.6575 711715541
0.658 711590838
0.6585 711511780
0.659 711919834
0.6595 711786950
0.66 711776381
0.6605 711719403
0.661 711681683
0.6615 711622914
0.662 711635222
0.6625 711812991
0.663 712015949
0.6635 711832756
0.664 711724342
0.6645 711729559
0.665 711885911
0.6655 712132160
0.666 711997912
0.6665 711733986
0.667 711958290
0.6675 711794804
0.668 711903114
0.6685 711865867
0.669 711784002
0.6695 711927125
0.67 711914510
0.6705 711707821
0.671 711674396
0.6715 711916438
0.672 712137850
0.6725 711834951
0.673 712074807
0.6735 711662925
0.674 711779265
0.6745 711769250
0.675 711974992
0.6755 711934053
0.676 712084056
0.6765 711848492
0.677 711943997
0.6775 711800315
0.678 711963589
0.6785 712031401
0.679 711953084
0.6795 711762647
0.68 711927786
0.6805 711969867
0.681 711907370
0.6815 711987245
0.682 712018743
0.6825 712107505
0.683 711994091
0.6835 711981030
0.684 712083072
0.6845 711884040
0.685 711955657
0.6855 711838166
0.686 711964702
0.6865 712006913
0.687 712148032
0.6875 711968728
0.6880000000000001 712115027
0.6885 712089711
0.6890000000000001 712070597
0.6895 712081148
0.6900000000000001 711931939
0.6905 712078486
0.6910000000000001 711930029
0.6915 712106230
0.6920000000000001 712334906
0.6925 712096792
0.6930000000000001 712125725
0.6935 712081463
0.6940000000000001 711888060
0.6945 712177180
0.6950000000000001 712396981
0.6955 712383838
0.6960000000000001 712151416
0.6965 711921559
0.6970000000000001 712457726
0.6975 712176696
0.6980000000000001 712136161
0.6985 712131864
0.6990000000000001 712024514
0.6995 712245440
0.7000000000000001 712014164
0.7005 712228730
0.7010000000000001 712224263
0.7015 712142834
0.7020000000000001 712186434
0.7025 712156691
0.7030000000000001 712061444
0.7035 711882215
0.704 712280138
0.7045 712171761
0.705 712099820
0.7055 712300167
0.706 712242347
0.7065 712063600
0.707 712205968
0.7075 712228077
0.708 712168502
0.7085 712034231
0.709 712496966
0.7095 712236690
0.71 712111605
0.7105 712107039
0.711 712274658
0.7115 711962391
0.712 712105968
0.7125 712122182
0.713 711995485
0.7135 712345017
0.714 712508820
0.7145 712122455
0.715 712183247
0.7155 712363888
0.716 712512346
0.7165 712261980
0.717 712416888
0.7175 712409671
0.718 712317458
0.7185 712297076
0.719 712417446
0.7195 712201090
0.72 712292069
0.7205 712340119
0.721 712472107
0.7215 712303724
0.722 712369642
0.7225 712373579
0.723 712334271
0.7235 712504613
0.724 712318840
0.7245 712208220
0.725 712223612
0.7255 712182792
0.726 712089842
0.7265 712413329
0.727 712302131
0.7275 712497697
0.728 712414128
0.7285 712594080
0.729 712520187
0.7295 712517261
0.73 712442098
0.7305 712414395
0.731 712558112
0.7315 712543878
0.732 712537034
0.7325 712357981
0.733 712573677
0.7335 712958777
0.734 712539018
0.7345 712544717
0.735 712490258
0.7355 712429234
0.736 712510845
0.7365 712577614
0.737 712807963
0.7375 712935916
0.738 712601248
0.7385 712740397
0.739 712704716
0.7395 712724426
0.74 712648637
0.7405 712650922
0.741 712643174
0.7415 712691931
0.742 712859031
0.7425 712920478
0.743 712686534
0.7435 712854786
0.744 712753134
0.7445 712772778
0.745 713020572
0.7455 712851281
0.746 712844939
0.7465 712940862
0.747 712632465
0.7475 712871051
0.748 712705136
0.7485 713045414
0.749 712736468
0.7495 712711522
0.75 712781994
0.7505000000000001 712628262
0.751 712781896
0.7515000000000001 712965433
0.752 712766622
0.7525000000000001 712831469
0.753 712620694
0.7535000000000001 712904419
0.754 712769479
0.7545000000000001 712916167
0.755 712954242
0.7555000000000001 712820893
0.756 712780797
0.7565000000000001 712685790
0.757 712768499
0.7575000000000001 713127461
0.758 712880332
0.7585000000000001 712906184
0.759 712755575
0.7595000000000001 712931047
0.76 713059994
0.7605000000000001 713056831
0.761 712727293
0.7615000000000001 713130574
0.762 712896477
0.7625000000000001 712679979
0.763 713028660
0.7635000000000001 713133101
0.764 712674659
0.7645000000000001 712852026
0.765 712936294
0.7655000000000001 712895135
0.766 712788798
0.7665000000000001 712675994
0.767 712974983
0.7675000000000001 712584274
0.768 712696964
0.7685 712825046
0.769 712511723
0.7695 712819068
0.77 712629049
0.7705 712579771
0.771 712706273
0.7715 712837075
0.772 712902043
0.7725 712689920
0.773 712710721
0.7735 712750242
0.774 712777757
0.7745 712821919
0.775 712645879
0.7755 712858385
0.776 712710730
0.7765 712716491
0.777 712825152
0.7775 713090600
0.778 712724021
0.7785 712556931
0.779 712787416
0.7795 712947997
0.78 712645953
0.7805 712598532
0.781 712790094
0.7815 712842299
0.782 712810348
0.7825 712775919
0.783 712873225
0.7835 712763398
0.784 712971543
0.7845 712794519
0.785 712965664
0.7855 712717970
0.786 712809192
0.7865 712440446
0.787 712609629
0.7875 712843022
0.788 712609508
0.7885 712415431
0.789 712408324
0.7895 712609644
0.79 712205874
0.7905 712383914
0.791 712122210
0.7915 712434837
0.792 712348935
0.7925 712446697
0.793 712402250
0.7935 712640135
0.794 712445523
0.7945 712486831
0.795 712348861
0.7955 712589623
0.796 712357147
0.7965 712458044
0.797 712513050
0.7975 712646635
0.798 712496466
0.7985 712500730
0.799 712477695
0.7995 712548125
0.8 712590593

-----------------------------------------------------------------

0.75 712781994
0.75005 712861871
0.7501 712760169
0.75015 712666107
0.7502000000000001 712720534
0.7502500000000001 712929553
0.7503000000000001 712655455
0.7503500000000001 712692714
0.7504000000000001 712957565
0.7504500000000001 712755086
0.7505000000000001 712628262
0.75055 712752433
0.7506 712909709
0.75065 712805673
0.7507 713070009
0.75075 712917269
0.7508 712828812
0.75085 712801965
0.7509 712875522
0.75095 712956591
0.751 712781896
0.75105 712961394
0.7511 712797255
0.75115 712850898
0.7512000000000001 712875434
0.7512500000000001 712877680
0.7513000000000001 712885002
0.7513500000000001 712853876
0.7514000000000001 712797615
0.7514500000000001 712806878
0.7515000000000001 712965433
0.75155 712806084
0.7516 712881180
0.75165 712913033
0.7517 712921256
0.75175 712848582
0.7518 712881201
0.75185 712693176
0.7519 712847089
0.75195 712842347
0.752 712766622
0.75205 712813762
0.7521 712791440
0.75215 713027369
0.7522000000000001 712930409
0.7522500000000001 712872960
0.7523000000000001 713110592
0.7523500000000001 712969625
0.7524000000000001 712873707
0.7524500000000001 712907602
0.7525000000000001 712831469
0.75255 712851199
0.7526 712767551
0.75265 712953371
0.7527 712652484
0.75275 712910860
0.7528 712702075
0.75285 712723232
0.7529 712946067
0.75295 712775220
0.753 712620694
0.75305 712705610
0.7531 712794368
0.75315 712614220
0.7532 712893294
0.7532500000000001 712748407
0.7533000000000001 712928784
0.7533500000000001 712926369
0.7534000000000001 712689714
0.7534500000000001 712843530
0.7535000000000001 712904419
0.75355 712771768
0.7536 712694037
0.75365 712992738
0.7537 712757022
0.75375 712817671
0.7538 712806688
0.75385 712932784
0.7539 712872470
0.75395 712980131
0.754 712769479
0.75405 712833541
0.7541 712676472
0.75415 712621258
0.7542 712748574
0.7542500000000001 712776005
0.7543000000000001 712961383
0.7543500000000001 712874011
0.7544000000000001 712850135
0.7544500000000001 712848186
0.7545000000000001 712916167
0.75455 712683572
0.7546 713027454
0.75465 712729525
0.7547 712746880
0.75475 712827445
0.7548 712738885
0.75485 712803595
0.7549 712791528
0.75495 712801923
0.755 712954242
0.75505 712932472
0.7551 712899884
0.75515 712888177
0.7552 712782432
0.7552500000000001 712797778
0.7553000000000001 712875589
0.7553500000000001 712854359
0.7554000000000001 712784104
0.7554500000000001 712776891
0.7555000000000001 712820893
0.75555 712737077
0.7556 712964975
0.75565 713050554
0.7557 712948636
0.75575 713071270
0.7558 712781694
0.75585 712690072
0.7559 712892671
0.75595 712877278
0.756 712780797
0.75605 712824108
0.7561 712881485
0.75615 712754483
0.7562 712771820
0.7562500000000001 712728406
0.7563000000000001 712832393
0.7563500000000001 712693628
0.7564000000000001 712832612
0.7564500000000001 712765027
0.7565000000000001 712685790
0.7565500000000001 712974366
0.7566 713080104
0.75665 712975455
0.7567 713057550
0.75675 712976963
0.7568 713024244
0.75685 713033616
0.7569 712649886
0.75695 712729846
0.757 712768499
0.75705 712984689
0.7571 713006698
0.75715 712960391
0.7572 713081556
0.7572500000000001 713034318
0.7573000000000001 713065161
0.7573500000000001 713159446
0.7574000000000001 712819389
0.7574500000000001 712959779
0.7575000000000001 713127461
0.7575500000000001 712933487
0.7576 712943844
0.75765 712748969
0.7577 713056654
0.75775 712924905
0.7578 712988406
0.75785 713032488
0.7579 712940066
0.75795 713077905
0.758 712880332
0.75805 713118238
0.7581 712723386
0.75815 712820801
0.7582 712708861
0.7582500000000001 712852698
0.7583000000000001 712882375
0.7583500000000001 712622829
0.7584000000000001 712757382
0.7584500000000001 713121459
0.7585000000000001 712906184
0.7585500000000001 713097168
0.7586 712946503
0.75865 712850437
0.7587 712855216
0.75875 712695550
0.7588 713105111
0.75885 712923789
0.7589 712926500
0.75895 712842758
0.759 712755575
0.75905 712876560
0.7591 712807908
0.75915 712822899
0.7592 712893514
0.7592500000000001 712730268
0.7593000000000001 712944282
0.7593500000000001 712664341
0.7594000000000001 712912770
0.7594500000000001 713010572
0.7595000000000001 712931047
0.7595500000000001 713048506
0.7596 713112010
0.75965 712728232
0.7597 712680817
0.75975 712743876
0.7598 713124446
0.75985 712848772
0.7599 713107415
0.75995 713110294
0.76 713059994
0.76005 712814502
0.7601 712739648
0.76015 713012111
0.7602 712979596
0.76025 712995461
0.7603000000000001 712934510
0.7603500000000001 712757835
0.7604000000000001 712912507
0.7604500000000001 712817257
0.7605000000000001 713056831
0.7605500000000001 713234340
0.7606 712915167
0.76065 712926864
0.7607 712825729
0.76075 712809661
0.7608 712701338
0.76085 713040604
0.7609 712959193
0.76095 712995082
0.761 712727293
0.76105 712570669
0.7611 712671477
0.76115 712718432
0.7612 713139782
0.76125 712929273
0.7613000000000001 713084169
0.7613500000000001 712820687
0.7614000000000001 712885553
0.7614500000000001 713043689
0.7615000000000001 713130574
0.7615500000000001 713309534
0.7616 713187231
0.76165 712833543
0.7617 712695358
0.76175 713014518
0.7618 712922557
0.76185 712879568
0.7619 712922986
0.76195 712909635
0.762 712896477
0.76205 713004620
0.7621 713033387
0.76215 712682941
0.7622 712830384
0.76225 713147613
0.7623000000000001 712955539
0.7623500000000001 712955173
0.7624000000000001 712862924
0.7624500000000001 712728211
0.7625000000000001 712679979
0.7625500000000001 712757457
0.7626000000000001 712797972
0.76265 712838530
0.7627 712783183
0.76275 712931569
0.7628 712809797
0.76285 712946201
0.7629 712836483
0.76295 712939235
0.763 713028660
0.76305 712811736
0.7631 712746663
0.76315 712657144
0.7632 712852822
0.76325 713156077
0.7633000000000001 712931603
0.7633500000000001 712985154
0.7634000000000001 712901866
0.7634500000000001 712972187
0.7635000000000001 713133101
0.7635500000000001 712891446
0.7636000000000001 712982917
0.76365 712836120
0.7637 712786451
0.76375 712703913
0.7638 712917406
0.76385 712889476
0.7639 712933630
0.76395 712938356
0.764 712674659
0.76405 712742397
0.7641 712966414
0.76415 713128279
0.7642 712928898
0.76425 712900183
0.7643000000000001 712898222
0.7643500000000001 712313645
0.7644000000000001 712948843
0.7644500000000001 712646663
0.7645000000000001 712852026
0.7645500000000001 712821276
0.7646000000000001 712952153
0.76465 712860913
0.7647 712629177
0.76475 712940872
0.7648 712935987
0.76485 712965735
0.7649 713058683
0.76495 713009931
0.765 712936294
0.76505 712921162
0.7651 712660391
0.76515 712749761
0.7652 712906637
0.76525 712888275
0.7653000000000001 712815467
0.7653500000000001 712957023
0.7654000000000001 712775378
0.7654500000000001 712526242
0.7655000000000001 712895135
0.7655500000000001 712815404
0.7656000000000001 712900651
0.76565 712718122
0.7657 712913916
0.76575 712781959
0.7658 712842604
0.76585 712815857
0.7659 712822690
0.76595 712957546
0.766 712788798
0.76605 712771795
0.7661 712690654
0.76615 712561091
0.7662 712600076
0.76625 712925482
0.7663000000000001 713002072
0.7663500000000001 712737106
0.7664000000000001 712998351
0.7664500000000001 712563605
0.7665000000000001 712675994
0.7665500000000001 712569452
0.7666000000000001 712784910
0.76665 712826953
0.7667 712745245
0.76675 712937693
0.7668 712456952
0.76685 712485517
0.7669 712831918
0.76695 712992494
0.767 712974983
0.76705 712880045
0.7671 712862248
0.76715 712630076
0.7672 712422813
0.76725 712489924
0.7673 712848308
0.7673500000000001 712973474
0.7674000000000001 712920845
0.7674500000000001 712843140
0.7675000000000001 712584274
0.7675500000000001 712728198
0.7676000000000001 712699060
0.76765 712764033
0.7677 712925152
0.76775 712684444
0.7678 713122365
0.76785 712835281
0.7679 712937332
0.76795 712616748
0.768 712696964
0.76805 712773153
0.7681 712814344
0.76815 712893894
0.7682 712729093
0.76825 712737990
0.7683 712757626
0.7683500000000001 712639727
0.7684000000000001 712930338
0.7684500000000001 712994746
0.7685000000000001 712825046
0.7685500000000001 712704256
0.7686000000000001 712707243
0.76865 712833840
0.7687 712648127
0.76875 712882625
0.7688 712787770
0.76885 712845777
0.7689 712741927
0.76895 712560494
0.769 712511723
0.76905 712527551
0.7691 712600582
0.76915 712759161
0.7692 712770450
0.76925 712682704
0.7693 712691077
0.7693500000000001 712851544
0.7694000000000001 712640025
0.7694500000000001 712638837
0.7695000000000001 712819068
0.7695500000000001 712940103
0.7696000000000001 712743923
0.7696500000000001 712941550
0.7697 712668186
0.76975 712742322
0.7698 712792584
0.76985 712803303
0.7699 712864814
0.76995 712747460

-----------------------------------------------------------------

0.7615 713130574
0.761501 713130574
0.761502 713153659
0.7615029999999999 713153659
0.761504 713153659
0.761505 713153659
0.761506 713153659
0.7615069999999999 712998949
0.761508 712998949
0.761509 713139767
0.76151 713139767
0.7615109999999999 713148909
0.761512 713148909
0.761513 713148909
0.7615139999999999 712959410
0.7615149999999999 712993686
0.761516 712993686
0.761517 712993686
0.7615179999999999 712990986
0.761519 712990986
0.76152 712983083
0.761521 712935441
0.7615219999999999 712935441
0.761523 713230857
0.761524 713197874
0.761525 713122133
0.7615259999999999 713122133
0.761527 713116588
0.761528 713116588
0.761529 713155951
0.7615299999999999 713155951
0.761531 713094391
0.761532 713094391
0.761533 713094391
0.7615339999999999 713094391
0.761535 713094391
0.761536 713094391
0.761537 713094391
0.7615379999999999 713094391
0.761539 713168551
0.76154 713168551
0.7615409999999999 713168551
0.7615419999999999 713168551
0.761543 713168551
0.761544 713168551
0.7615449999999999 713190378
0.761546 713190378
0.761547 713181746
0.761548 713181746
0.7615489999999999 713323207
0.76155 713309534
0.761551 713309534
0.761552 713309534
0.7615529999999999 713270499
0.761554 713270499
0.761555 713270499
0.761556 713270499
0.7615569999999999 713270499
0.761558 713093031
0.761559 713124260
0.76156 713124260
0.7615609999999999 713146509
0.761562 713146509
0.761563 713173852
0.761564 713173852
0.7615649999999999 713173852
0.761566 713132881
0.761567 713132881
0.7615679999999999 713132881
0.7615689999999999 713132881
0.76157 713132881
0.761571 713118380
0.7615719999999999 713118380
0.7615729999999999 713163827
0.761574 713163827
0.761575 713102684
0.7615759999999999 713102684
0.761577 713102684
0.761578 713102684
0.761579 713171840
0.7615799999999999 713171840
0.761581 713207391
0.761582 713207391
0.761583 713207391
0.7615839999999999 713195701
0.761585 713195701
0.761586 713195701
0.761587 713195701
0.7615879999999999 713195701
0.761589 713195701
0.76159 713148581
0.761591 713148581
0.7615919999999999 713148581
0.761593 713148581
0.761594 713148581
0.7615949999999999 713148581
0.7615959999999999 713209472
0.761597 713212035
0.761598 713229785
0.7615989999999999 713229785
